2 2
1.5 0.0 1.4672214011007085 0.311867536226639
1.4672214011007085 0.311867536226639 1.3703181864639014 0.6101049646137002
1.3703181864639014 0.6101049646137002 1.2135254915624212 0.8816778784387097
1.2135254915624212 0.8816778784387097 1.0036959095382874 1.1147172382160913
1.0036959095382874 1.1147172382160913 0.7500000000000002 1.299038105676658
0.7500000000000002 1.299038105676658 0.4635254915624212 1.4265847744427302
0.4635254915624212 1.4265847744427302 0.15679269490148018 1.4917828430524098
0.15679269490148018 1.4917828430524098 -0.15679269490148 1.49178284305241
-0.15679269490148 1.49178284305241 -0.463525491562421 1.4265847744427305
-0.463525491562421 1.4265847744427305 -0.7499999999999997 1.299038105676658
-0.7499999999999997 1.299038105676658 -1.003695909538287 1.1147172382160917
-1.003695909538287 1.1147172382160917 -1.213525491562421 0.8816778784387098
-1.213525491562421 0.8816778784387098 -1.3703181864639014 0.6101049646137
-1.3703181864639014 0.6101049646137 -1.4672214011007085 0.311867536226639
-1.4672214011007085 0.311867536226639 -1.5 1.8369701987210297e-16
-1.5 1.8369701987210297e-16 -1.4672214011007085 -0.3118675362266386
-1.4672214011007085 -0.3118675362266386 -1.3703181864639016 -0.6101049646136998
-1.3703181864639016 -0.6101049646136998 -1.2135254915624212 -0.8816778784387096
-1.2135254915624212 -0.8816778784387096 -1.0036959095382878 -1.114717238216091
-1.0036959095382878 -1.114717238216091 -0.7500000000000007 -1.2990381056766578
-0.7500000000000007 -1.2990381056766578 -0.46352549156242134 -1.4265847744427302
-0.46352549156242134 -1.4265847744427302 -0.15679269490148134 -1.4917828430524098
-0.15679269490148134 -1.4917828430524098 0.15679269490148082 -1.4917828430524098
0.15679269490148082 -1.4917828430524098 0.46352549156242084 -1.4265847744427305
0.46352549156242084 -1.4265847744427305 0.7500000000000002 -1.299038105676658
0.7500000000000002 -1.299038105676658 1.0036959095382878 -1.114717238216091
1.0036959095382878 -1.114717238216091 1.213525491562421 -0.88167787843871
1.213525491562421 -0.88167787843871 1.3703181864639014 -0.6101049646137002
1.3703181864639014 -0.6101049646137002 1.4672214011007083 -0.3118675362266398
1.4672214011007083 -0.3118675362266398 1.5 0.0