3 3
0.00000 0.00000 -1.10000 0.37622 0.00000 -1.03366 0.28820 0.24183 -1.03366
0.00000 0.00000 -1.10000 0.28820 0.24183 -1.03366 0.06533 0.37051 -1.03366
0.72976 0.61234 -0.55000 0.95263 0.00000 -0.55000 1.08329 0.00000 -0.19101
0.72976 0.61234 -0.55000 1.08329 0.00000 -0.19101 0.82985 0.69632 -0.19101
-0.35353 -0.12868 -1.03366 -0.00000 -0.00000 -1.10000 -0.35353 0.12868 -1.03366
-1.01796 -0.37051 0.19101 -1.01796 -0.37051 -0.19101 -1.01796 0.37051 0.19101
-1.01796 0.37051 0.19101 -1.01796 -0.37051 -0.19101 -1.01796 0.37051 -0.19101
0.37622 -0.00000 -1.03366 0.00000 -0.00000 -1.10000 0.28820 -0.24183 -1.03366
0.70707 -0.00000 -0.84265 0.37622 -0.00000 -1.03366 0.54164 -0.45449 -0.84265
0.54164 -0.45449 -0.84265 0.37622 -0.00000 -1.03366 0.28820 -0.24183 -1.03366
0.28820 0.24183 1.03366 0.37622 0.00000 1.03366 0.00000 0.00000 1.10000
0.28820 0.24183 1.03366 0.00000 0.00000 1.10000 0.06533 0.37051 1.03366
-0.54164 0.93816 -0.19101 -1.01796 0.37051 0.19101 -1.01796 0.37051 -0.19101
-0.54164 0.93816 0.19101 -1.01796 0.37051 0.19101 -0.54164 0.93816 -0.19101
0.06533 0.37051 -1.03366 0.28820 0.24183 -1.03366 0.54164 0.45449 -0.84265
0.54164 0.45449 -0.84265 0.12278 0.69632 -0.84265 0.06533 0.37051 -1.03366
0.28820 0.24183 -1.03366 0.37622 0.00000 -1.03366 0.54164 0.45449 -0.84265
0.54164 0.45449 -0.84265 0.37622 0.00000 -1.03366 0.70707 0.00000 -0.84265
0.70707 0.00000 -0.84265 0.95263 0.00000 -0.55000 0.54164 0.45449 -0.84265
0.95263 0.00000 -0.55000 0.72976 0.61234 -0.55000 0.54164 0.45449 -0.84265
0.37622 -0.00000 1.03366 0.28820 -0.24183 1.03366 0.00000 -0.00000 1.10000
0.37622 -0.00000 1.03366 0.70707 -0.00000 0.84265 0.54164 -0.45449 0.84265
0.54164 -0.45449 0.84265 0.28820 -0.24183 1.03366 0.37622 -0.00000 1.03366
-1.01796 -0.37051 0.19101 -1.01796 0.37051 0.19101 -0.89518 -0.32582 0.55000
-0.89518 -0.32582 0.55000 -1.01796 0.37051 0.19101 -0.89518 0.32582 0.55000
-0.89518 -0.32582 0.55000 -0.66443 -0.24183 0.84265 -0.35353 -0.61234 0.84265
-0.35353 -0.61234 0.84265 -0.47631 -0.82500 0.55000 -0.89518 -0.32582 0.55000
-0.35353 -0.12868 1.03366 -0.35353 0.12868 1.03366 -0.00000 0.00000 1.10000
-0.35353 -0.61234 0.84265 0.12278 -0.69632 0.84265 0.16542 -0.93816 0.55000
0.16542 -0.93816 0.55000 -0.47631 -0.82500 0.55000 -0.35353 -0.61234 0.84265
-0.35353 -0.61234 0.84265 -0.66443 -0.24183 0.84265 -0.18811 -0.32582 1.03366
-0.66443 -0.24183 0.84265 -0.35353 -0.12868 1.03366 -0.18811 -0.32582 1.03366
-0.18811 -0.32582 1.03366 -0.35353 -0.12868 1.03366 -0.00000 -0.00000 1.10000
-0.35353 -0.12868 -1.03366 -0.35353 0.12868 -1.03366 -0.66443 -0.24183 -0.84265
-0.66443 -0.24183 -0.84265 -0.35353 0.12868 -1.03366 -0.66443 0.24183 -0.84265
-0.66443 0.24183 -0.84265 -0.35353 0.12868 -1.03366 -0.18811 0.32582 -1.03366
-0.35353 0.61234 -0.84265 -0.66443 0.24183 -0.84265 -0.18811 0.32582 -1.03366
-0.18811 0.32582 -1.03366 -0.35353 0.12868 -1.03366 -0.00000 0.00000 -1.10000
0.06533 0.37051 -1.03366 0.12278 0.69632 -0.84265 -0.18811 0.32582 -1.03366
-0.18811 0.32582 -1.03366 0.12278 0.69632 -0.84265 -0.35353 0.61234 -0.84265
-0.18811 0.32582 -1.03366 0.00000 0.00000 -1.10000 0.06533 0.37051 -1.03366
-0.66443 0.24183 0.84265 -0.89518 -0.32582 0.55000 -0.89518 0.32582 0.55000
-0.66443 -0.24183 0.84265 -0.89518 -0.32582 0.55000 -0.66443 0.24183 0.84265
-0.35353 0.12868 1.03366 -0.35353 -0.12868 1.03366 -0.66443 0.24183 0.84265
-0.66443 0.24183 0.84265 -0.35353 -0.12868 1.03366 -0.66443 -0.24183 0.84265
-0.00000 0.00000 1.10000 -0.35353 0.12868 1.03366 -0.18811 0.32582 1.03366
-0.35353 0.12868 1.03366 -0.66443 0.24183 0.84265 -0.18811 0.32582 1.03366
-0.18811 0.32582 1.03366 -0.66443 0.24183 0.84265 -0.35353 0.61234 0.84265
0.06533 0.37051 1.03366 0.00000 0.00000 1.10000 -0.18811 0.32582 1.03366
0.70707 -0.00000 -0.84265 0.54164 -0.45449 -0.84265 0.95263 -0.00000 -0.55000
0.95263 -0.00000 -0.55000 0.54164 -0.45449 -0.84265 0.72976 -0.61234 -0.55000
1.08329 -0.00000 -0.19101 0.95263 -0.00000 -0.55000 0.82985 -0.69632 -0.19101
0.82985 -0.69632 -0.19101 0.95263 -0.00000 -0.55000 0.72976 -0.61234 -0.55000
1.08329 -0.00000 0.19101 1.08329 -0.00000 -0.19101 0.82985 -0.69632 -0.19101
0.82985 -0.69632 -0.19101 0.82985 -0.69632 0.19101 1.08329 -0.00000 0.19101
0.70707 -0.00000 0.84265 0.95263 -0.00000 0.55000 0.72976 -0.61234 0.55000
0.54164 -0.45449 0.84265 0.70707 -0.00000 0.84265 0.72976 -0.61234 0.55000
0.72976 -0.61234 0.55000 0.95263 -0.00000 0.55000 1.08329 -0.00000 0.19101
1.08329 -0.00000 0.19101 0.82985 -0.69632 0.19101 0.72976 -0.61234 0.55000
0.72976 -0.61234 0.55000 0.16542 -0.93816 0.55000 0.12278 -0.69632 0.84265
0.72976 -0.61234 0.55000 0.12278 -0.69632 0.84265 0.54164 -0.45449 0.84265
0.72976 -0.61234 0.55000 0.82985 -0.69632 0.19101 0.18811 -1.06683 0.19101
0.18811 -1.06683 0.19101 0.16542 -0.93816 0.55000 0.72976 -0.61234 0.55000
1.08329 0.00000 -0.19101 1.08329 0.00000 0.19101 0.82985 0.69632 0.19101
0.82985 0.69632 -0.19101 1.08329 0.00000 -0.19101 0.82985 0.69632 0.19101
0.82985 0.69632 0.19101 1.08329 0.00000 0.19101 0.95263 0.00000 0.55000
0.95263 0.00000 0.55000 0.72976 0.61234 0.55000 0.82985 0.69632 0.19101
-0.47631 0.82500 0.55000 -1.01796 0.37051 0.19101 -0.54164 0.93816 0.19101
-0.89518 0.32582 0.55000 -1.01796 0.37051 0.19101 -0.47631 0.82500 0.55000
-0.47631 0.82500 0.55000 -0.66443 0.24183 0.84265 -0.89518 0.32582 0.55000
-0.35353 0.61234 0.84265 -0.66443 0.24183 0.84265 -0.47631 0.82500 0.55000
0.54164 0.45449 0.84265 0.95263 0.00000 0.55000 0.70707 0.00000 0.84265
0.54164 0.45449 0.84265 0.72976 0.61234 0.55000 0.95263 0.00000 0.55000
0.70707 0.00000 0.84265 0.37622 0.00000 1.03366 0.54164 0.45449 0.84265
0.37622 0.00000 1.03366 0.28820 0.24183 1.03366 0.54164 0.45449 0.84265
-0.47631 0.82500 -0.55000 -0.66443 0.24183 -0.84265 -0.35353 0.61234 -0.84265
-0.47631 0.82500 -0.55000 -0.89518 0.32582 -0.55000 -0.66443 0.24183 -0.84265
-0.47631 0.82500 -0.55000 -0.54164 0.93816 -0.19101 -1.01796 0.37051 -0.19101
-1.01796 0.37051 -0.19101 -0.89518 0.32582 -0.55000 -0.47631 0.82500 -0.55000
0.72976 -0.61234 -0.55000 0.54164 -0.45449 -0.84265 0.12278 -0.69632 -0.84265
0.12278 -0.69632 -0.84265 0.16542 -0.93816 -0.55000 0.72976 -0.61234 -0.55000
-0.35353 -0.12868 -1.03366 -0.66443 -0.24183 -0.84265 -0.18811 -0.32582 -1.03366
-0.18811 -0.32582 -1.03366 -0.66443 -0.24183 -0.84265 -0.35353 -0.61234 -0.84265
-0.18811 -0.32582 -1.03366 -0.00000 -0.00000 -1.10000 -0.35353 -0.12868 -1.03366
-1.01796 -0.37051 0.19101 -0.89518 -0.32582 0.55000 -0.54164 -0.93816 0.19101
-0.54164 -0.93816 0.19101 -0.89518 -0.32582 0.55000 -0.47631 -0.82500 0.55000
-0.54164 -0.93816 0.19101 -1.01796 -0.37051 -0.19101 -1.01796 -0.37051 0.19101
-0.54164 -0.93816 0.19101 -0.54164 -0.93816 -0.19101 -1.01796 -0.37051 -0.19101
-0.47631 -0.82500 0.55000 0.16542 -0.93816 0.55000 -0.54164 -0.93816 0.19101
-0.54164 -0.93816 0.19101 0.16542 -0.93816 0.55000 0.18811 -1.06683 0.19101
-0.54164 -0.93816 -0.19101 -0.54164 -0.93816 0.19101 0.18811 -1.06683 -0.19101
0.18811 -1.06683 -0.19101 -0.54164 -0.93816 0.19101 0.18811 -1.06683 0.19101
0.82985 -0.69632 0.19101 0.82985 -0.69632 -0.19101 0.18811 -1.06683 -0.19101
0.18811 -1.06683 0.19101 0.82985 -0.69632 0.19101 0.18811 -1.06683 -0.19101
0.18811 -1.06683 -0.19101 0.82985 -0.69632 -0.19101 0.72976 -0.61234 -0.55000
0.72976 -0.61234 -0.55000 0.16542 -0.93816 -0.55000 0.18811 -1.06683 -0.19101
0.06533 -0.37051 1.03366 -0.18811 -0.32582 1.03366 -0.00000 -0.00000 1.10000
0.06533 -0.37051 1.03366 0.12278 -0.69632 0.84265 -0.35353 -0.61234 0.84265
-0.35353 -0.61234 0.84265 -0.18811 -0.32582 1.03366 0.06533 -0.37051 1.03366
0.00000 -0.00000 1.10000 0.28820 -0.24183 1.03366 0.06533 -0.37051 1.03366
0.06533 -0.37051 1.03366 0.28820 -0.24183 1.03366 0.54164 -0.45449 0.84265
0.54164 -0.45449 0.84265 0.12278 -0.69632 0.84265 0.06533 -0.37051 1.03366
-1.01796 0.37051 -0.19101 -1.01796 -0.37051 -0.19101 -0.89518 -0.32582 -0.55000
-0.89518 -0.32582 -0.55000 -0.89518 0.32582 -0.55000 -1.01796 0.37051 -0.19101
-0.89518 -0.32582 -0.55000 -0.66443 -0.24183 -0.84265 -0.66443 0.24183 -0.84265
-0.66443 0.24183 -0.84265 -0.89518 0.32582 -0.55000 -0.89518 -0.32582 -0.55000
0.12278 0.69632 0.84265 0.28820 0.24183 1.03366 0.06533 0.37051 1.03366
0.12278 0.69632 0.84265 0.54164 0.45449 0.84265 0.28820 0.24183 1.03366
0.72976 0.61234 0.55000 0.54164 0.45449 0.84265 0.12278 0.69632 0.84265
0.12278 0.69632 0.84265 0.16542 0.93816 0.55000 0.72976 0.61234 0.55000
0.12278 0.69632 0.84265 -0.18811 0.32582 1.03366 -0.35353 0.61234 0.84265
0.06533 0.37051 1.03366 -0.18811 0.32582 1.03366 0.12278 0.69632 0.84265
-0.35353 0.61234 0.84265 -0.47631 0.82500 0.55000 0.12278 0.69632 0.84265
0.12278 0.69632 0.84265 -0.47631 0.82500 0.55000 0.16542 0.93816 0.55000
0.18811 1.06683 0.19101 -0.47631 0.82500 0.55000 -0.54164 0.93816 0.19101
0.16542 0.93816 0.55000 -0.47631 0.82500 0.55000 0.18811 1.06683 0.19101
-0.54164 0.93816 0.19101 -0.54164 0.93816 -0.19101 0.18811 1.06683 0.19101
-0.54164 0.93816 -0.19101 0.18811 1.06683 -0.19101 0.18811 1.06683 0.19101
0.18811 1.06683 0.19101 0.82985 0.69632 0.19101 0.72976 0.61234 0.55000
0.72976 0.61234 0.55000 0.16542 0.93816 0.55000 0.18811 1.06683 0.19101
0.82985 0.69632 -0.19101 0.82985 0.69632 0.19101 0.18811 1.06683 0.19101
0.18811 1.06683 0.19101 0.18811 1.06683 -0.19101 0.82985 0.69632 -0.19101
-0.35353 0.61234 -0.84265 0.12278 0.69632 -0.84265 0.16542 0.93816 -0.55000
0.16542 0.93816 -0.55000 -0.47631 0.82500 -0.55000 -0.35353 0.61234 -0.84265
-0.54164 0.93816 -0.19101 -0.47631 0.82500 -0.55000 0.16542 0.93816 -0.55000
0.16542 0.93816 -0.55000 0.18811 1.06683 -0.19101 -0.54164 0.93816 -0.19101
0.12278 0.69632 -0.84265 0.54164 0.45449 -0.84265 0.16542 0.93816 -0.55000
0.16542 0.93816 -0.55000 0.54164 0.45449 -0.84265 0.72976 0.61234 -0.55000
0.16542 0.93816 -0.55000 0.72976 0.61234 -0.55000 0.82985 0.69632 -0.19101
0.82985 0.69632 -0.19101 0.18811 1.06683 -0.19101 0.16542 0.93816 -0.55000
-0.00000 -0.00000 -1.10000 -0.18811 -0.32582 -1.03366 0.06533 -0.37051 -1.03366
0.06533 -0.37051 -1.03366 -0.18811 -0.32582 -1.03366 -0.35353 -0.61234 -0.84265
-0.35353 -0.61234 -0.84265 0.12278 -0.69632 -0.84265 0.06533 -0.37051 -1.03366
0.28820 -0.24183 -1.03366 0.00000 -0.00000 -1.10000 0.06533 -0.37051 -1.03366
0.06533 -0.37051 -1.03366 0.54164 -0.45449 -0.84265 0.28820 -0.24183 -1.03366
0.06533 -0.37051 -1.03366 0.12278 -0.69632 -0.84265 0.54164 -0.45449 -0.84265
-0.35353 -0.61234 -0.84265 -0.66443 -0.24183 -0.84265 -0.47631 -0.82500 -0.55000
-0.66443 -0.24183 -0.84265 -0.89518 -0.32582 -0.55000 -0.47631 -0.82500 -0.55000
-1.01796 -0.37051 -0.19101 -0.54164 -0.93816 -0.19101 -0.47631 -0.82500 -0.55000
-0.47631 -0.82500 -0.55000 -0.89518 -0.32582 -0.55000 -1.01796 -0.37051 -0.19101
0.16542 -0.93816 -0.55000 0.12278 -0.69632 -0.84265 -0.47631 -0.82500 -0.55000
-0.47631 -0.82500 -0.55000 0.12278 -0.69632 -0.84265 -0.35353 -0.61234 -0.84265
-0.54164 -0.93816 -0.19101 0.18811 -1.06683 -0.19101 -0.47631 -0.82500 -0.55000
-0.47631 -0.82500 -0.55000 0.18811 -1.06683 -0.19101 0.16542 -0.93816 -0.55000
