3 3
1.55000 0.00000 0.60622 1.24222 0.00000 0.23941 0.95159 0.79848 0.23941
0.95159 0.79848 0.23941 1.18737 0.99632 0.60622 1.55000 0.00000 0.60622
0.26915 1.52645 0.60622 0.95159 0.79848 0.23941 0.21571 1.22334 0.23941
1.18737 0.99632 0.60622 0.95159 0.79848 0.23941 0.26915 1.52645 0.60622
0.35104 1.99084 0.68937 1.54860 1.29943 0.68937 0.26915 1.52645 0.60622
0.26915 1.52645 0.60622 1.54860 1.29943 0.68937 1.18737 0.99632 0.60622
0.26915 1.52645 0.60622 -1.01078 1.75072 0.68937 0.35104 1.99084 0.68937
-0.77500 1.34234 0.60622 -1.01078 1.75072 0.68937 0.26915 1.52645 0.60622
0.26915 1.52645 0.60622 -0.62111 1.07579 0.23941 -0.77500 1.34234 0.60622
0.21571 1.22334 0.23941 -0.62111 1.07579 0.23941 0.26915 1.52645 0.60622
2.60000 -0.00000 0.00000 1.99172 -1.67125 0.00000 2.43623 -0.00000 0.44995
2.43623 -0.00000 0.44995 1.99172 -1.67125 0.00000 1.86626 -1.56598 0.44995
1.54860 -1.29943 0.68937 2.43623 -0.00000 0.44995 1.86626 -1.56598 0.44995
2.02155 -0.00000 0.68937 2.43623 -0.00000 0.44995 1.54860 -1.29943 0.68937
1.18737 -0.99632 0.60622 1.55000 -0.00000 0.60622 1.54860 -1.29943 0.68937
1.54860 -1.29943 0.68937 1.55000 -0.00000 0.60622 2.02155 -0.00000 0.68937
-1.45652 0.53013 -0.60622 -1.16730 -0.42486 -0.23941 -1.16730 0.42486 -0.23941
-1.45652 -0.53013 -0.60622 -1.16730 -0.42486 -0.23941 -1.45652 0.53013 -0.60622
-1.45652 0.53013 -0.60622 -1.89964 -0.69141 -0.68937 -1.45652 -0.53013 -0.60622
-1.89964 0.69141 -0.68937 -1.89964 -0.69141 -0.68937 -1.45652 0.53013 -0.60622
-2.44320 0.88925 -0.00000 -2.44320 -0.88925 -0.00000 -2.28931 0.83324 -0.44995
-2.28931 0.83324 -0.44995 -2.44320 -0.88925 -0.00000 -2.28931 -0.83324 -0.44995
-2.28931 0.83324 -0.44995 -1.89964 -0.69141 -0.68937 -1.89964 0.69141 -0.68937
-2.28931 -0.83324 -0.44995 -1.89964 -0.69141 -0.68937 -2.28931 0.83324 -0.44995
-1.01078 1.75072 -0.68937 -1.21812 2.10984 -0.44995 -2.28931 0.83324 -0.44995
-2.28931 0.83324 -0.44995 -1.89964 0.69141 -0.68937 -1.01078 1.75072 -0.68937
1.55000 0.00000 0.60622 1.18737 0.99632 0.60622 2.02155 0.00000 0.68937
1.18737 0.99632 0.60622 1.54860 1.29943 0.68937 2.02155 0.00000 0.68937
-1.45652 0.53013 0.60622 -1.01078 1.75072 0.68937 -0.77500 1.34234 0.60622
-1.89964 0.69141 0.68937 -1.01078 1.75072 0.68937 -1.45652 0.53013 0.60622
-1.45652 0.53013 0.60622 -1.89964 -0.69141 0.68937 -1.89964 0.69141 0.68937
-1.45652 0.53013 0.60622 -1.45652 -0.53013 0.60622 -1.89964 -0.69141 0.68937
1.18737 -0.99632 0.60622 1.54860 -1.29943 0.68937 0.26915 -1.52645 0.60622
0.26915 -1.52645 0.60622 1.54860 -1.29943 0.68937 0.35104 -1.99084 0.68937
0.35104 -1.99084 0.68937 1.54860 -1.29943 0.68937 0.42305 -2.39922 0.44995
0.42305 -2.39922 0.44995 1.54860 -1.29943 0.68937 1.86626 -1.56598 0.44995
1.86626 -1.56598 0.44995 1.99172 -1.67125 0.00000 0.42305 -2.39922 0.44995
0.42305 -2.39922 0.44995 1.99172 -1.67125 0.00000 0.45149 -2.56050 0.00000
0.45149 -2.56050 0.00000 -1.30000 -2.25167 0.00000 0.42305 -2.39922 0.44995
0.42305 -2.39922 0.44995 -1.30000 -2.25167 0.00000 -1.21812 -2.10984 0.44995
-1.89964 0.69141 0.68937 -1.89964 -0.69141 0.68937 -2.28931 -0.83324 0.44995
-2.28931 -0.83324 0.44995 -2.28931 0.83324 0.44995 -1.89964 0.69141 0.68937
-2.44320 -0.88925 0.00000 -2.44320 0.88925 0.00000 -2.28931 -0.83324 0.44995
-2.28931 -0.83324 0.44995 -2.44320 0.88925 0.00000 -2.28931 0.83324 0.44995
-1.21812 -2.10984 0.44995 -1.30000 -2.25167 0.00000 -2.28931 -0.83324 0.44995
-2.28931 -0.83324 0.44995 -1.30000 -2.25167 0.00000 -2.44320 -0.88925 0.00000
-1.21812 2.10984 0.44995 -2.44320 0.88925 0.00000 -1.30000 2.25167 0.00000
-2.28931 0.83324 0.44995 -2.44320 0.88925 0.00000 -1.21812 2.10984 0.44995
-1.21812 2.10984 0.44995 -1.01078 1.75072 0.68937 -1.89964 0.69141 0.68937
-1.89964 0.69141 0.68937 -2.28931 0.83324 0.44995 -1.21812 2.10984 0.44995
-2.44320 0.88925 -0.00000 -2.28931 0.83324 -0.44995 -1.30000 2.25167 -0.00000
-1.30000 2.25167 -0.00000 -2.28931 0.83324 -0.44995 -1.21812 2.10984 -0.44995
0.35104 1.99084 0.68937 -1.01078 1.75072 0.68937 0.42305 2.39922 0.44995
-1.01078 1.75072 0.68937 -1.21812 2.10984 0.44995 0.42305 2.39922 0.44995
-1.30000 2.25167 0.00000 0.45149 2.56050 0.00000 0.42305 2.39922 0.44995
0.42305 2.39922 0.44995 -1.21812 2.10984 0.44995 -1.30000 2.25167 0.00000
0.21571 1.22334 -0.23941 -0.62111 1.07579 0.23941 0.21571 1.22334 0.23941
-0.62111 1.07579 -0.23941 -0.62111 1.07579 0.23941 0.21571 1.22334 -0.23941
-1.89964 0.69141 -0.68937 -1.45652 0.53013 -0.60622 -0.77500 1.34234 -0.60622
-1.01078 1.75072 -0.68937 -1.89964 0.69141 -0.68937 -0.77500 1.34234 -0.60622
-0.77500 1.34234 -0.60622 -1.45652 0.53013 -0.60622 -1.16730 0.42486 -0.23941
-1.16730 0.42486 -0.23941 -0.62111 1.07579 -0.23941 -0.77500 1.34234 -0.60622
-0.62111 1.07579 -0.23941 0.21571 1.22334 -0.23941 -0.77500 1.34234 -0.60622
-0.77500 1.34234 -0.60622 0.21571 1.22334 -0.23941 0.26915 1.52645 -0.60622
-1.16730 0.42486 0.23941 -0.62111 1.07579 -0.23941 -1.16730 0.42486 -0.23941
-1.16730 0.42486 0.23941 -0.62111 1.07579 0.23941 -0.62111 1.07579 -0.23941
-1.16730 0.42486 -0.23941 -1.16730 -0.42486 -0.23941 -1.16730 0.42486 0.23941
-1.16730 0.42486 0.23941 -1.16730 -0.42486 -0.23941 -1.16730 -0.42486 0.23941
-1.45652 -0.53013 0.60622 -1.45652 0.53013 0.60622 -1.16730 0.42486 0.23941
-1.16730 -0.42486 0.23941 -1.45652 -0.53013 0.60622 -1.16730 0.42486 0.23941
-0.77500 1.34234 0.60622 -0.62111 1.07579 0.23941 -1.16730 0.42486 0.23941
-1.16730 0.42486 0.23941 -1.45652 0.53013 0.60622 -0.77500 1.34234 0.60622
1.18737 -0.99632 0.60622 0.26915 -1.52645 0.60622 0.95159 -0.79848 0.23941
0.95159 -0.79848 0.23941 0.26915 -1.52645 0.60622 0.21571 -1.22334 0.23941
0.21571 -1.22334 0.23941 0.21571 -1.22334 -0.23941 0.95159 -0.79848 0.23941
0.95159 -0.79848 0.23941 0.21571 -1.22334 -0.23941 0.95159 -0.79848 -0.23941
1.24222 -0.00000 -0.23941 1.24222 -0.00000 0.23941 0.95159 -0.79848 0.23941
0.95159 -0.79848 0.23941 0.95159 -0.79848 -0.23941 1.24222 -0.00000 -0.23941
0.95159 -0.79848 0.23941 1.55000 -0.00000 0.60622 1.18737 -0.99632 0.60622
0.95159 -0.79848 0.23941 1.24222 -0.00000 0.23941 1.55000 -0.00000 0.60622
2.43623 0.00000 0.44995 2.02155 0.00000 0.68937 1.86626 1.56598 0.44995
1.86626 1.56598 0.44995 2.02155 0.00000 0.68937 1.54860 1.29943 0.68937
2.60000 0.00000 0.00000 2.43623 0.00000 0.44995 1.86626 1.56598 0.44995
1.86626 1.56598 0.44995 1.99172 1.67125 0.00000 2.60000 0.00000 0.00000
1.86626 1.56598 0.44995 0.45149 2.56050 0.00000 1.99172 1.67125 0.00000
1.86626 1.56598 0.44995 0.42305 2.39922 0.44995 0.45149 2.56050 0.00000
1.86626 1.56598 0.44995 1.54860 1.29943 0.68937 0.35104 1.99084 0.68937
0.35104 1.99084 0.68937 0.42305 2.39922 0.44995 1.86626 1.56598 0.44995
2.60000 0.00000 -0.00000 1.99172 1.67125 -0.00000 1.86626 1.56598 -0.44995
1.86626 1.56598 -0.44995 2.43623 0.00000 -0.44995 2.60000 0.00000 -0.00000
1.24222 0.00000 -0.23941 1.55000 0.00000 -0.60622 0.95159 0.79848 -0.23941
0.95159 0.79848 -0.23941 1.55000 0.00000 -0.60622 1.18737 0.99632 -0.60622
0.95159 0.79848 -0.23941 1.24222 0.00000 0.23941 1.24222 0.00000 -0.23941
0.95159 0.79848 -0.23941 0.95159 0.79848 0.23941 1.24222 0.00000 0.23941
0.21571 1.22334 0.23941 0.95159 0.79848 0.23941 0.95159 0.79848 -0.23941
0.95159 0.79848 -0.23941 0.21571 1.22334 -0.23941 0.21571 1.22334 0.23941
0.26915 1.52645 -0.60622 0.21571 1.22334 -0.23941 0.95159 0.79848 -0.23941
0.95159 0.79848 -0.23941 1.18737 0.99632 -0.60622 0.26915 1.52645 -0.60622
-1.01078 -1.75072 0.68937 -2.28931 -0.83324 0.44995 -1.89964 -0.69141 0.68937
-1.21812 -2.10984 0.44995 -2.28931 -0.83324 0.44995 -1.01078 -1.75072 0.68937
0.35104 -1.99084 0.68937 0.42305 -2.39922 0.44995 -1.01078 -1.75072 0.68937
-1.01078 -1.75072 0.68937 0.42305 -2.39922 0.44995 -1.21812 -2.10984 0.44995
-1.01078 -1.75072 0.68937 0.26915 -1.52645 0.60622 0.35104 -1.99084 0.68937
-1.01078 -1.75072 0.68937 -0.77500 -1.34234 0.60622 0.26915 -1.52645 0.60622
-1.89964 -0.69141 0.68937 -1.45652 -0.53013 0.60622 -1.01078 -1.75072 0.68937
-1.45652 -0.53013 0.60622 -0.77500 -1.34234 0.60622 -1.01078 -1.75072 0.68937
-0.62111 -1.07579 0.23941 0.21571 -1.22334 -0.23941 0.21571 -1.22334 0.23941
-0.62111 -1.07579 0.23941 -0.62111 -1.07579 -0.23941 0.21571 -1.22334 -0.23941
-1.16730 -0.42486 0.23941 -1.16730 -0.42486 -0.23941 -0.62111 -1.07579 0.23941
-1.16730 -0.42486 -0.23941 -0.62111 -1.07579 -0.23941 -0.62111 -1.07579 0.23941
-0.62111 -1.07579 0.23941 -1.45652 -0.53013 0.60622 -1.16730 -0.42486 0.23941
-0.62111 -1.07579 0.23941 -0.77500 -1.34234 0.60622 -1.45652 -0.53013 0.60622
0.26915 -1.52645 0.60622 -0.77500 -1.34234 0.60622 -0.62111 -1.07579 0.23941
0.21571 -1.22334 0.23941 0.26915 -1.52645 0.60622 -0.62111 -1.07579 0.23941
-2.44320 -0.88925 -0.00000 -1.30000 -2.25167 -0.00000 -1.21812 -2.10984 -0.44995
-2.28931 -0.83324 -0.44995 -2.44320 -0.88925 -0.00000 -1.21812 -2.10984 -0.44995
-0.77500 -1.34234 -0.60622 -1.16730 -0.42486 -0.23941 -1.45652 -0.53013 -0.60622
-0.77500 -1.34234 -0.60622 -0.62111 -1.07579 -0.23941 -1.16730 -0.42486 -0.23941
0.42305 2.39922 -0.44995 -1.30000 2.25167 -0.00000 -1.21812 2.10984 -0.44995
0.45149 2.56050 -0.00000 -1.30000 2.25167 -0.00000 0.42305 2.39922 -0.44995
1.99172 1.67125 -0.00000 0.45149 2.56050 -0.00000 0.42305 2.39922 -0.44995
0.42305 2.39922 -0.44995 1.86626 1.56598 -0.44995 1.99172 1.67125 -0.00000
2.60000 -0.00000 -0.00000 2.43623 -0.00000 -0.44995 1.86626 -1.56598 -0.44995
1.86626 -1.56598 -0.44995 1.99172 -1.67125 -0.00000 2.60000 -0.00000 -0.00000
2.43623 -0.00000 -0.44995 2.02155 -0.00000 -0.68937 1.86626 -1.56598 -0.44995
1.86626 -1.56598 -0.44995 2.02155 -0.00000 -0.68937 1.54860 -1.29943 -0.68937
1.18737 -0.99632 -0.60622 1.55000 -0.00000 -0.60622 1.24222 -0.00000 -0.23941
1.24222 -0.00000 -0.23941 0.95159 -0.79848 -0.23941 1.18737 -0.99632 -0.60622
1.18737 -0.99632 -0.60622 2.02155 -0.00000 -0.68937 1.55000 -0.00000 -0.60622
1.54860 -1.29943 -0.68937 2.02155 -0.00000 -0.68937 1.18737 -0.99632 -0.60622
-1.01078 -1.75072 -0.68937 -1.89964 -0.69141 -0.68937 -2.28931 -0.83324 -0.44995
-2.28931 -0.83324 -0.44995 -1.21812 -2.10984 -0.44995 -1.01078 -1.75072 -0.68937
-1.45652 -0.53013 -0.60622 -1.89964 -0.69141 -0.68937 -1.01078 -1.75072 -0.68937
-1.01078 -1.75072 -0.68937 -0.77500 -1.34234 -0.60622 -1.45652 -0.53013 -0.60622
0.35104 1.99084 -0.68937 -0.77500 1.34234 -0.60622 0.26915 1.52645 -0.60622
-1.01078 1.75072 -0.68937 -0.77500 1.34234 -0.60622 0.35104 1.99084 -0.68937
0.35104 1.99084 -0.68937 -1.21812 2.10984 -0.44995 -1.01078 1.75072 -0.68937
0.35104 1.99084 -0.68937 0.42305 2.39922 -0.44995 -1.21812 2.10984 -0.44995
0.42305 -2.39922 -0.44995 -1.01078 -1.75072 -0.68937 -1.21812 -2.10984 -0.44995
0.35104 -1.99084 -0.68937 -1.01078 -1.75072 -0.68937 0.42305 -2.39922 -0.44995
0.42305 -2.39922 -0.44995 -1.30000 -2.25167 -0.00000 0.45149 -2.56050 -0.00000
0.42305 -2.39922 -0.44995 -1.21812 -2.10984 -0.44995 -1.30000 -2.25167 -0.00000
0.45149 -2.56050 -0.00000 1.99172 -1.67125 -0.00000 0.42305 -2.39922 -0.44995
1.99172 -1.67125 -0.00000 1.86626 -1.56598 -0.44995 0.42305 -2.39922 -0.44995
0.42305 -2.39922 -0.44995 1.86626 -1.56598 -0.44995 1.54860 -1.29943 -0.68937
0.42305 -2.39922 -0.44995 1.54860 -1.29943 -0.68937 0.35104 -1.99084 -0.68937
0.26915 -1.52645 -0.60622 -1.01078 -1.75072 -0.68937 0.35104 -1.99084 -0.68937
-0.77500 -1.34234 -0.60622 -1.01078 -1.75072 -0.68937 0.26915 -1.52645 -0.60622
0.21571 -1.22334 -0.23941 -0.62111 -1.07579 -0.23941 0.26915 -1.52645 -0.60622
-0.62111 -1.07579 -0.23941 -0.77500 -1.34234 -0.60622 0.26915 -1.52645 -0.60622
0.95159 -0.79848 -0.23941 0.21571 -1.22334 -0.23941 0.26915 -1.52645 -0.60622
0.26915 -1.52645 -0.60622 1.18737 -0.99632 -0.60622 0.95159 -0.79848 -0.23941
1.54860 -1.29943 -0.68937 1.18737 -0.99632 -0.60622 0.26915 -1.52645 -0.60622
0.35104 -1.99084 -0.68937 1.54860 -1.29943 -0.68937 0.26915 -1.52645 -0.60622
2.02155 0.00000 -0.68937 2.43623 0.00000 -0.44995 1.54860 1.29943 -0.68937
2.43623 0.00000 -0.44995 1.86626 1.56598 -0.44995 1.54860 1.29943 -0.68937
1.54860 1.29943 -0.68937 1.55000 0.00000 -0.60622 2.02155 0.00000 -0.68937
1.18737 0.99632 -0.60622 1.55000 0.00000 -0.60622 1.54860 1.29943 -0.68937
0.26915 1.52645 -0.60622 1.18737 0.99632 -0.60622 1.54860 1.29943 -0.68937
1.54860 1.29943 -0.68937 0.35104 1.99084 -0.68937 0.26915 1.52645 -0.60622
1.86626 1.56598 -0.44995 0.42305 2.39922 -0.44995 1.54860 1.29943 -0.68937
0.42305 2.39922 -0.44995 0.35104 1.99084 -0.68937 1.54860 1.29943 -0.68937
