3 2
0.0 -5.0 -0.0 3.1759316475176034 -4.713998561274064 -1.8763350243968704
3.1759316475176034 -4.713998561274064 -1.8763350243968704 6.175448439586915 -3.876712726038747 -3.478412753017432
6.175448439586915 -3.876712726038747 -3.478412753017432 8.833160530431734 -2.548909714247168 -4.572063115079062
8.833160530431734 -2.548909714247168 -4.572063115079062 11.005015390073149 -0.8273321624883045 -4.997431081003439
11.005015390073149 -0.8273321624883045 -4.997431081003439 12.577231182822686 1.161792243029457 -4.692342110248803
12.577231182822686 1.161792243029457 -4.692342110248803 13.473274915024312 3.2712309747720854 -3.7013899853765784
13.473274915024312 3.2712309747720854 -3.7013899853765784 13.658436534158385 5.342658348856811 -2.169418695587791
13.658436534158385 5.342658348856811 -2.169418695587791 13.141706878756732 7.217345743960976 -0.32035109990356614
13.141706878756732 7.217345743960976 -0.32035109990356614 11.97484308583222 8.746925618225136 1.575541090118101
11.97484308583222 8.746925618225136 1.575541090118101 10.248688277288792 9.803518982073566 3.2411419765389393
10.248688277288792 9.803518982073566 3.2411419765389393 8.08699109730846 10.288556945273584 4.432996531865
8.08699109730846 10.288556945273584 4.432996531865 5.638133280810572 10.13971181536164 4.97689556474599
5.638133280810572 10.13971181536164 4.97689556474599 3.065309277732272 9.335476440372247 4.793339265183304
3.065309277732272 9.335476440372247 4.793339265183304 0.535802169733538 7.8970840092426196 3.9091574123401496
0.535802169733538 7.8970840092426196 3.9091574123401496 -1.7899418428290796 5.887634311584808 2.453587760019689
-1.7899418428290796 5.887634311584808 2.453587760019689 -3.7687260141045558 3.4084751500175248 0.6393858084225332
-3.7687260141045558 3.4084751500175248 0.6393858084225332 -5.283822947512822 0.5930672436022344 -1.2682729195475309
-5.283822947512822 0.5930672436022344 -1.2682729195475309 -6.252401144115403 -2.4012741922297582 -2.9905526524560755
-6.252401144115403 -2.4012741922297582 -2.9905526524560755 -6.630675857605559 -5.403228742179456 -4.275713815026728
-6.630675857605559 -5.403228742179456 -4.275713815026728 -6.416451724105383 -8.23827395568313 -4.93590891707225
-6.416451724105383 -8.23827395568313 -4.93590891707225 -5.648896129092508 -10.739742358099429 -4.874639560909118
-5.648896129092508 -10.739742358099429 -4.874639560909118 -4.405564214794058 -12.759414953732907 -4.10086127298478
-4.405564214794058 -12.759414953732907 -4.10086127298478 -2.796876905286883 -14.176963358415545 -2.7276745060527423
-2.796876905286883 -14.176963358415545 -2.7276745060527423 -0.9584205169415003 -14.907627101984142 -0.9557931435068683
-0.9584205169415003 -14.907627101984142 -0.9557931435068683 0.9584205169414897 -14.907627101984144 0.9557931435068558
0.9584205169414897 -14.907627101984144 0.9557931435068558 2.7968769052868736 -14.176963358415549 2.7276745060527396
2.7968769052868736 -14.176963358415549 2.7276745060527396 4.40556421479405 -12.759414953732918 4.100861272984773
4.40556421479405 -12.759414953732918 4.100861272984773 5.648896129092505 -10.739742358099434 4.8746395609091175
5.648896129092505 -10.739742358099434 4.8746395609091175 6.4164517241053804 -8.238273955683146 4.9359089170722505
6.4164517241053804 -8.238273955683146 4.9359089170722505 6.630675857605559 -5.403228742179471 4.27571381502673
6.630675857605559 -5.403228742179471 4.27571381502673 6.252401144115406 -2.4012741922297742 2.9905526524560857
6.252401144115406 -2.4012741922297742 2.9905526524560857 5.283822947512828 0.5930672436022183 1.2682729195475428
5.283822947512828 0.5930672436022183 1.2682729195475428 3.7687260141045598 3.4084751500175194 -0.6393858084225251
3.7687260141045598 3.4084751500175194 -0.6393858084225251 1.7899418428290907 5.887634311584797 -2.4535877600196785
1.7899418428290907 5.887634311584797 -2.4535877600196785 -0.5358021697335336 7.897084009242617 -3.9091574123401474
-0.5358021697335336 7.897084009242617 -3.9091574123401474 -3.065309277732254 9.33547644037224 -4.7933392651833
-3.065309277732254 9.33547644037224 -4.7933392651833 -5.638133280810562 10.139711815361638 -4.976895564745991
-5.638133280810562 10.139711815361638 -4.976895564745991 -8.086991097308442 10.288556945273584 -4.432996531865004
-8.086991097308442 10.288556945273584 -4.432996531865004 -10.248688277288785 9.803518982073571 -3.2411419765389473
-10.248688277288785 9.803518982073571 -3.2411419765389473 -11.974843085832207 8.746925618225148 -1.5755410901181173
-11.974843085832207 8.746925618225148 -1.5755410901181173 -13.141706878756727 7.217345743960985 0.32035109990355143
-13.141706878756727 7.217345743960985 0.32035109990355143 -13.658436534158385 5.342658348856815 2.1694186955877877
-13.658436534158385 5.342658348856815 2.1694186955877877 -13.473274915024314 3.271230974772098 3.7013899853765704
-13.473274915024314 3.271230974772098 3.7013899853765704 -12.577231182822688 1.1617922430294643 4.692342110248802
-12.577231182822688 1.1617922430294643 4.692342110248802 -11.005015390073165 -0.8273321624882912 4.997431081003439
-11.005015390073165 -0.8273321624882912 4.997431081003439 -8.833160530431742 -2.548909714247161 4.572063115079062
-8.833160530431742 -2.548909714247161 4.572063115079062 -6.175448439586938 -3.8767127260387384 3.478412753017449
-6.175448439586938 -3.8767127260387384 3.478412753017449 -3.1759316475176194 -4.713998561274061 1.8763350243968835
-3.1759316475176194 -4.713998561274061 1.8763350243968835 -6.123233995736766e-15 -5.0 3.673940397442059e-15
-6.123233995736766e-15 -5.0 3.673940397442059e-15 0.0 -5.0 -0.0