2 2
30 0 30 2
30 2 30 4
30 4 29 6
29 6 29 8
29 8 29 9
29 9 28 11
28 11 27 13
27 13 26 15
26 15 25 16
25 16 24 18
24 18 23 19
23 19 22 21
22 21 20 22
20 22 19 23
19 23 17 24
17 24 16 25
16 25 14 26
14 26 12 27
12 27 11 28
11 28 9 29
9 29 7 29
7 29 5 30
5 30 3 30
3 30 1 30
1 30 0 30
0 30 -2 30
-2 30 -4 30
-4 30 -6 29
-6 29 -8 29
-8 29 -10 28
-10 28 -12 28
-12 28 -13 27
-13 27 -15 26
-15 26 -17 25
-17 25 -18 24
-18 24 -20 23
-20 23 -21 21
-21 21 -22 20
-22 20 -24 19
-24 19 -25 17
-25 17 -26 15
-26 15 -27 14
-27 14 -27 12
-27 12 -28 10
-28 10 -29 8
-29 8 -29 7
-29 7 -30 5
-30 5 -30 3
-30 3 -30 1
-30 1 -30 -1
-30 -1 -30 -3
-30 -3 -30 -5
-30 -5 -29 -7
-29 -7 -29 -8
-29 -8 -28 -10
-28 -10 -27 -12
-27 -12 -27 -14
-27 -14 -26 -15
-26 -15 -25 -17
-25 -17 -24 -19
-24 -19 -22 -20
-22 -20 -21 -21
-21 -21 -20 -23
-20 -23 -18 -24
-18 -24 -17 -25
-17 -25 -15 -26
-15 -26 -13 -27
-13 -27 -12 -28
-12 -28 -10 -28
-10 -28 -8 -29
-8 -29 -6 -29
-6 -29 -4 -30
-4 -30 -2 -30
-2 -30 0 -30
0 -30 1 -30
1 -30 3 -30
3 -30 5 -30
5 -30 7 -29
7 -29 9 -29
9 -29 11 -28
11 -28 12 -27
12 -27 14 -26
14 -26 16 -25
16 -25 17 -24
17 -24 19 -23
19 -23 20 -22
20 -22 22 -21
22 -21 23 -19
23 -19 24 -18
24 -18 25 -16
25 -16 26 -15
26 -15 27 -13
27 -13 28 -11
28 -11 29 -9
29 -9 29 -8
29 -8 29 -6
29 -6 30 -4
30 -4 30 -2
30 -2 30 0
