2 2
30.2 0.1 28.37451725101904 9.740984076140503
28.37451725101904 9.740984076140503 23.674215281891808 18.426381380690035
23.674215281891808 18.426381380690035 16.408444743672806 25.114994347875857
16.408444743672806 25.114994347875857 7.364564614223977 29.08200797817991
7.364564614223977 29.08200797817991 -2.477380364169968 29.897534790200094
-2.477380364169968 29.897534790200094 -12.050862739589078 27.473199799651724
-12.050862739589078 27.473199799651724 -20.318447148772226 22.07171732019395
-20.318447148772226 22.07171732019395 -26.384212536194667 14.27842179111221
-26.384212536194667 14.27842179111221 -29.59083910208167 4.937837708422021
-29.59083910208167 4.937837708422021 -29.590839102081674 -4.9378377084220135
-29.590839102081674 -4.9378377084220135 -26.38421253619467 -14.278421791112203
-26.38421253619467 -14.278421791112203 -20.318447148772243 -22.071717320193937
-20.318447148772243 -22.071717320193937 -12.050862739589096 -27.47319979965172
-12.050862739589096 -27.47319979965172 -2.4773803641699823 -29.897534790200094
-2.4773803641699823 -29.897534790200094 7.364564614223964 -29.082007978179913
7.364564614223964 -29.082007978179913 16.4084447436728 -25.114994347875864
16.4084447436728 -25.114994347875864 23.6742152818918 -18.426381380690042
23.6742152818918 -18.426381380690042 28.37451725101904 -9.740984076140512
28.37451725101904 -9.740984076140512 30.2 0.1
