3 2
0.1 -5.1 -0.1 1.5830441340203152 -4.929614745948531 -0.946256221802051
1.5830441340203152 -4.929614745948531 -0.946256221802051 3.144442139679539 -4.719712949809586 -1.858312278301638
3.144442139679539 -4.719712949809586 -1.858312278301638 4.662880778405326 -4.374035843847192 -2.7032040872779883
4.662880778405326 -4.374035843847192 -2.7032040872779883 6.117707296910083 -3.8987502637160683 -3.45039505741056
6.117707296910083 -3.8987502637160683 -3.45039505741056 7.489246519038839 -3.3023469866058592 -4.072879760251679
7.489246519038839 -3.3023469866058592 -4.072879760251679 8.759102393122758 -2.5955007159703394 -4.548159976772592
8.759102393122758 -2.5955007159703394 -4.548159976772592 9.910439203363426 -1.7908939794121193 -4.859057841617708
9.910439203363426 -1.7908939794121193 -4.859057841617708 10.928237979997489 -0.903007790756099 -4.99433669591504
10.928237979997489 -0.903007790756099 -4.99433669591504 11.79952404082317 0.05211753413704168 -4.949107209404664
11.79952404082317 0.05211753413704168 -4.949107209404664 12.51356205971394 1.057147534372544 -4.725004093573342
12.51356205971394 1.057147534372544 -4.725004093573342 13.062015578554774 2.093740438925586 -4.330127018922194
13.062015578554774 2.093740438925586 -4.330127018922194 13.43906844924064 3.1428510322879295 -3.7787478717712903
13.43906844924064 3.1428510322879295 -3.7787478717712903 13.64150630280709 4.185046626353547 -3.0907949311030256
13.64150630280709 4.185046626353547 -3.0907949311030256 13.668756783606572 5.20083001607452 -2.2911326086370525
13.668756783606572 5.20083001607452 -2.2911326086370525 13.522887947398363 6.170964181030207 -1.4086627842071484
13.522887947398363 6.170964181030207 -1.4086627842071484 13.208564892660931 7.076793464110254 -0.4752802165209122
13.208564892660931 7.076793464110254 -0.4752802165209122 12.732965363585624 7.900556012524516 0.4752802165209131
12.732965363585624 7.900556012524516 0.4752802165209131 12.105655720315173 8.625682404462282 1.4086627842071469
12.105655720315173 8.625682404462282 1.4086627842071469 11.338429306488448 9.237075604716907 2.2911326086370516
11.338429306488448 9.237075604716907 2.2911326086370516 10.445109845848076 9.7213676909397 3.0907949311030265
10.445109845848076 9.7213676909397 3.0907949311030265 9.441323058891813 10.067149164096369 3.778747871771291
9.441323058891813 10.067149164096369 3.778747871771291 8.34424019831773 10.265167096193736 4.330127018922193
8.34424019831773 10.265167096193736 4.330127018922193 7.172297650171679 10.308488868359127 4.725004093573341
7.172297650171679 10.308488868359127 4.725004093573341 5.944897128956864 10.192628804849557 4.949107209404664
5.944897128956864 10.192628804849557 4.949107209404664 4.682091303388697 9.915635604657812 4.99433669591504
4.682091303388697 9.915635604657812 4.99433669591504 3.4042599200262114 9.47813910248 4.859057841617708
3.4042599200262114 9.47813910248 4.859057841617708 2.131781640990365 8.883355544778547 4.548159976772591
2.131781640990365 8.883355544778547 4.548159976772591 0.884706877007756 8.137051233994741 4.072879760251679
0.884706877007756 8.137051233994741 4.072879760251679 -0.31756312293435396 7.247465063899594 3.45039505741056
-0.31756312293435396 7.247465063899594 3.45039505741056 -1.4565857686327104 6.225191130840766 2.703204087277987
-1.4565857686327104 6.225191130840766 2.703204087277987 -2.5151702432657226 5.083023248597569 1.8583122783016361
-2.5151702432657226 5.083023248597569 1.8583122783016361 -3.4776495338516416 3.835763808347795 0.9462562218020487
-3.4776495338516416 3.835763808347795 0.9462562218020487 -4.330127018922195 2.499999999999995 -3.216245299353273e-15
-4.330127018922195 2.499999999999995 -3.216245299353273e-15 -5.060693667871956 1.0938509376007355 -0.9462562218020507
-5.060693667871956 1.0938509376007355 -0.9462562218020507 -5.659612382945261 -0.3633102987879877 -1.8583122783016381
-5.659612382945261 -0.3633102987879877 -1.8583122783016381 -6.119466547038035 -1.8511552869935728 -2.7032040872779857
-6.119466547038035 -1.8511552869935728 -2.7032040872779857 -6.435270419844437 -3.348714800183531 -3.450395057410561
-6.435270419844437 -3.348714800183531 -3.450395057410561 -6.604539642031083 -4.834704247388882 -4.072879760251678
-6.604539642031083 -4.834704247388882 -4.072879760251678 -6.627320752132391 -6.287854828808213 -4.5481599767725935
-6.627320752132391 -6.287854828808213 -4.5481599767725935 -6.506179283337214 -7.68724512306788 -4.859057841617709
-6.506179283337214 -7.68724512306788 -4.859057841617709 -6.246146676608788 -9.012627813901714 -4.99433669591504
-6.246146676608788 -9.012627813901714 -4.99433669591504 -5.854626911866305 -10.244746338986596 -4.949107209404664
-5.854626911866305 -10.244746338986596 -4.949107209404664 -5.341264409542264 -11.36563640273167 -4.725004093573343
-5.341264409542264 -11.36563640273167 -4.725004093573343 -4.717775380237051 -12.358907535119318 -4.330127018922195
-4.717775380237051 -12.358907535119318 -4.330127018922195 -3.997745390348826 -13.2100001963843 -3.778747871771291
-3.997745390348826 -13.2100001963843 -3.778747871771291 -3.1963964569590155 -13.906414317293246 -3.0907949311030283
-3.1963964569590155 -13.906414317293246 -3.0907949311030283 -2.330327477118121 -14.437905620791426 -2.29113260863705
-2.330327477118121 -14.437905620791426 -2.29113260863705 -1.4172322270831852 -14.79664658549249 -1.4086627842071409
-1.4172322270831852 -14.79664658549249 -1.4086627842071409 -0.4755995290753069 -14.97734947663477 -0.4752802165209178
-0.4755995290753069 -14.97734947663477 -0.4752802165209178 0.47559952907531 -14.97734947663477 0.4752802165209141
0.47559952907531 -14.97734947663477 0.4752802165209141 1.4172322270831883 -14.79664658549249 1.408662784207146
1.4172322270831883 -14.79664658549249 1.408662784207146 2.330327477118124 -14.437905620791422 2.2911326086370543
2.330327477118124 -14.437905620791422 2.2911326086370543 3.1963964569590124 -13.906414317293248 3.090794931103025
3.1963964569590124 -13.906414317293248 3.090794931103025 3.9977453903488285 -13.210000196384296 3.7787478717712943
3.9977453903488285 -13.210000196384296 3.7787478717712943 4.7177753802370495 -12.358907535119323 4.330127018922194
4.7177753802370495 -12.358907535119323 4.330127018922194 5.341264409542266 -11.365636402731667 4.725004093573341
5.341264409542266 -11.365636402731667 4.725004093573341 5.854626911866305 -10.244746338986602 4.949107209404664
5.854626911866305 -10.244746338986602 4.949107209404664 6.246146676608788 -9.01262781390171 4.99433669591504
6.246146676608788 -9.01262781390171 4.99433669591504 6.506179283337214 -7.6872451230678855 4.85905784161771
6.506179283337214 -7.6872451230678855 4.85905784161771 6.627320752132391 -6.287854828808208 4.548159976772592
6.627320752132391 -6.287854828808208 4.548159976772592 6.604539642031084 -4.8347042473888875 4.072879760251681
6.604539642031084 -4.8347042473888875 4.072879760251681 6.435270419844437 -3.3487148001835267 3.450395057410558
6.435270419844437 -3.3487148001835267 3.450395057410558 6.119466547038037 -1.8511552869935786 2.7032040872779883
6.119466547038037 -1.8511552869935786 2.7032040872779883 5.6596123829452605 -0.3633102987879827 1.8583122783016335
5.6596123829452605 -0.3633102987879827 1.8583122783016335 5.060693667871959 1.09385093760073 0.9462562218020587
5.060693667871959 1.09385093760073 0.9462562218020587 4.330127018922188 2.5000000000000098 0.1
4.330127018922188 2.5000000000000098 0.1 3.477649533851639 3.8357638083477994 -0.9462562218020538
3.477649533851639 3.8357638083477994 -0.9462562218020538 2.5151702432657226 5.083023248597568 -1.858312278301637
2.5151702432657226 5.083023248597568 -1.858312278301637 1.4565857686327144 6.225191130840763 -2.7032040872779843
1.4565857686327144 6.225191130840763 -2.7032040872779843 0.31756312293434674 7.2474650638996 -3.4503950574105606
0.31756312293434674 7.2474650638996 -3.4503950574105606 -0.8847068770077593 8.137051233994745 -4.072879760251682
-0.8847068770077593 8.137051233994745 -4.072879760251682 -2.1317816409903645 8.883355544778547 -4.548159976772589
-2.1317816409903645 8.883355544778547 -4.548159976772589 -3.404259920026206 9.478139102479998 -4.859057841617708
-3.404259920026206 9.478139102479998 -4.859057841617708 -4.682091303388705 9.915635604657814 -4.99433669591504
-4.682091303388705 9.915635604657814 -4.99433669591504 -5.9448971289568675 10.192628804849557 -4.949107209404663
-5.9448971289568675 10.192628804849557 -4.949107209404663 -7.172297650171674 10.308488868359127 -4.725004093573343
-7.172297650171674 10.308488868359127 -4.725004093573343 -8.34424019831772 10.265167096193737 -4.330127018922196
-8.34424019831772 10.265167096193737 -4.330127018922196 -9.441323058891818 10.067149164096369 -3.778747871771286
-9.441323058891818 10.067149164096369 -3.778747871771286 -10.445109845848076 9.7213676909397 -3.090794931103029
-10.445109845848076 9.7213676909397 -3.090794931103029 -11.338429306488447 9.237075604716908 -2.291132608637051
-11.338429306488447 9.237075604716908 -2.291132608637051 -12.10565572031518 8.625682404462278 -1.408662784207142
-12.10565572031518 8.625682404462278 -1.408662784207142 -12.732965363585627 7.900556012524513 -0.4752802165209102
-12.732965363585627 7.900556012524513 -0.4752802165209102 -13.208564892660931 7.076793464110254 0.47528021652091296
-13.208564892660931 7.076793464110254 0.47528021652091296 -13.522887947398363 6.170964181030211 1.4086627842071446
-13.522887947398363 6.170964181030211 1.4086627842071446 -13.668756783606572 5.200830016074514 2.2911326086370614
-13.668756783606572 5.200830016074514 2.2911326086370614 -13.64150630280709 4.185046626353543 3.0907949311030243
-13.64150630280709 4.185046626353543 3.0907949311030243 -13.43906844924064 3.142851032287929 3.7787478717712935
-13.43906844924064 3.142851032287929 3.7787478717712935 -13.06201557855478 2.093740438925592 4.330127018922188
-13.06201557855478 2.093740438925592 4.330127018922188 -12.513562059713937 1.0571475343725383 4.7250040935733475
-12.513562059713937 1.0571475343725383 4.7250040935733475 -11.79952404082317 0.05211753413704001 4.949107209404664
-11.79952404082317 0.05211753413704001 4.949107209404664 -10.928237979997489 -0.9030077907560974 4.99433669591504
-10.928237979997489 -0.9030077907560974 4.99433669591504 -9.910439203363433 -1.7908939794121141 4.85905784161771
-9.910439203363433 -1.7908939794121141 4.85905784161771 -8.759102393122753 -2.595500715970342 4.548159976772592
-8.759102393122753 -2.595500715970342 4.548159976772592 -7.489246519038839 -3.3023469866058592 4.072879760251675
-7.489246519038839 -3.3023469866058592 4.072879760251675 -6.117707296910087 -3.898750263716066 3.450395057410565
-6.117707296910087 -3.898750263716066 3.450395057410565 -4.662880778405316 -4.374035843847195 2.7032040872779746
-4.662880778405316 -4.374035843847195 2.7032040872779746 -3.144442139679533 -4.719712949809587 1.8583122783016346
-3.144442139679533 -4.719712949809587 1.8583122783016346 -1.5830441340203154 -4.929614745948531 0.9462562218020598
-1.5830441340203154 -4.929614745948531 0.9462562218020598 0.1 -5.1 -0.1
