3 2
0.1 -5.1 -0.1 5.273743216657767 -4.192651418159137 -3.0258710759688254
5.273743216657767 -4.192651418159137 -3.0258710759688254 9.721066059077687 -1.9359857494634918 -4.817749962596115
9.721066059077687 -1.9359857494634918 -4.817749962596115 12.661371001161058 1.3051819432360112 -4.644883599083957
12.661371001161058 1.3051819432360112 -4.644883599083957 13.679075501053443 4.854751389436785 -2.577769285885108
13.679075501053443 4.854751389436785 -2.577769285885108 12.694450203799018 7.9539128571227735 0.5405950921197085
12.694450203799018 7.9539128571227735 0.5405950921197085 9.973288534366331 9.906213454321996 3.4384972942671173
9.973288534366331 9.906213454321996 3.4384972942671173 6.073857253495039 10.212074114470685 4.93413261270763
6.073857253495039 10.212074114470685 4.93413261270763 1.741117311347831 8.667621729064201 4.417560222230114
1.741117311347831 8.667621729064201 4.417560222230114 -2.2321109894502773 5.409264142531736 2.0994455078013208
-2.2321109894502773 5.409264142531736 2.0994455078013208 -5.151322207383462 0.8954462265872332 -1.0748522010551196
-5.151322207383462 0.8954462265872332 -1.0748522010551196 -6.546836844244122 -4.17136654546983 -3.810810275638183
-6.546836844244122 -4.17136654546983 -3.810810275638183 -6.257351158575119 -8.96837028783585 -4.99266706925562
-6.257351158575119 -8.96837028783585 -4.99266706925562 -4.45523450125775 -12.699196512970452 -4.138444990784452
-4.45523450125775 -12.699196512970452 -4.138444990784452 -1.609109309990534 -14.736895342872664 -1.5965076506799
-1.609109309990534 -14.736895342872664 -1.5965076506799 1.6091093099905307 -14.736895342872668 1.5965076506798968
1.6091093099905307 -14.736895342872668 1.5965076506798968 4.455234501257752 -12.699196512970449 4.138444990784454
4.455234501257752 -12.699196512970449 4.138444990784454 6.257351158575122 -8.968370287835846 4.99266706925562
6.257351158575122 -8.968370287835846 4.99266706925562 6.546836844244122 -4.171366545469826 3.810810275638179
6.546836844244122 -4.171366545469826 3.810810275638179 5.151322207383463 0.8954462265872276 1.0748522010551274
5.151322207383463 0.8954462265872276 1.0748522010551274 2.2321109894502773 5.409264142531736 -2.099445507801321
2.2321109894502773 5.409264142531736 -2.099445507801321 -1.7411173113478307 8.667621729064201 -4.417560222230116
-1.7411173113478307 8.667621729064201 -4.417560222230116 -6.073857253495038 10.212074114470685 -4.93413261270763
-6.073857253495038 10.212074114470685 -4.93413261270763 -9.973288534366333 9.906213454321994 -3.438497294267118
-9.973288534366333 9.906213454321994 -3.438497294267118 -12.694450203799022 7.953912857122772 -0.5405950921197055
-12.694450203799022 7.953912857122772 -0.5405950921197055 -13.679075501053443 4.854751389436781 2.5777692858851164
-13.679075501053443 4.854751389436781 2.5777692858851164 -12.661371001161053 1.3051819432360041 4.644883599083959
-12.661371001161053 1.3051819432360041 4.644883599083959 -9.721066059077694 -1.9359857494634858 4.817749962596114
-9.721066059077694 -1.9359857494634858 4.817749962596114 -5.273743216657774 -4.192651418159135 3.0258710759688263
-5.273743216657774 -4.192651418159135 3.0258710759688263 0.1 -5.1 -0.1
