3 2
1.0 -4.0 -1.0 8.765624472920095 -2.1623188854607625 -5.185832391312642
8.765624472920095 -2.1623188854607625 -5.185832391312642 13.765066222841645 2.4908476755739755 -5.578866633275288
13.765066222841645 2.4908476755739755 -5.578866633275288 14.34356565786322 7.751695037141827 -1.8229729514036723
14.34356565786322 7.751695037141827 -1.8229729514036723 10.60647526006739 11.022164947768886 2.6786195533656567
10.60647526006739 11.022164947768886 2.6786195533656567 4.3369765622260115 10.450716306665564 3.847001329696652
4.3369765622260115 10.450716306665564 3.847001329696652 -1.778372473456025 5.764338592992568 0.6234973460234228
-1.778372473456025 5.764338592992568 0.6234973460234228 -5.28722537670104 -1.5606144034053768 -4.071063563448338
-5.28722537670104 -1.5606144034053768 -4.071063563448338 -4.99192781743992 -8.866850337256711 -5.98292246503335
-4.99192781743992 -8.866850337256711 -5.98292246503335 -1.424021740643167 -13.389978934019958 -3.3797369651853675
-1.424021740643167 -13.389978934019958 -3.3797369651853675 3.424021740643164 -13.38997893401996 1.3797369651853644
3.424021740643164 -13.38997893401996 1.3797369651853644 6.991927817439918 -8.866850337256716 3.9829224650333495
6.991927817439918 -8.866850337256716 3.9829224650333495 7.287225376701043 -1.5606144034053935 2.0710635634483485
7.287225376701043 -1.5606144034053935 2.0710635634483485 3.778372473456036 5.764338592992555 -2.6234973460234112
3.778372473456036 5.764338592992555 -2.6234973460234112 -2.336976562226002 10.450716306665559 -5.847001329696652
-2.336976562226002 10.450716306665559 -5.847001329696652 -8.606475260067382 11.02216494776889 -4.678619553365662
-8.606475260067382 11.02216494776889 -4.678619553365662 -12.343565657863213 7.751695037141833 -0.17702704859634003
-12.343565657863213 7.751695037141833 -0.17702704859634003 -11.765066222841645 2.4908476755739812 3.5788666332752883
-11.765066222841645 2.4908476755739812 3.5788666332752883 -6.765624472920101 -2.1623188854607593 3.185832391312643
-6.765624472920101 -2.1623188854607593 3.185832391312643 0.999999999999994 -4.0 -0.9999999999999964
0.999999999999994 -4.0 -0.9999999999999964 1.0 -4.0 -1.0
