3 3
0.11284 0.63997 -3.66480 -0.32492 0.56278 -3.66480 -0.00000 0.00000 -3.90000
0.49780 0.41771 3.66480 0.00000 0.00000 3.90000 0.11284 0.63997 3.66480
0.00000 0.00000 -3.90000 0.64984 0.00000 -3.66480 0.49780 0.41771 -3.66480
0.00000 0.00000 -3.90000 0.49780 0.41771 -3.66480 0.11284 0.63997 -3.66480
1.26049 1.05767 -1.95000 1.64545 0.00000 -1.95000 1.87113 0.00000 -0.67723
1.26049 1.05767 -1.95000 1.87113 0.00000 -0.67723 1.43337 1.20274 -0.67723
0.11284 0.63997 3.66480 0.00000 0.00000 3.90000 -0.32492 0.56278 3.66480
-1.75829 -0.63997 0.67723 -1.75829 -0.63997 -0.67723 -1.75829 0.63997 0.67723
-1.75829 0.63997 0.67723 -1.75829 -0.63997 -0.67723 -1.75829 0.63997 -0.67723
-1.75829 -0.63997 0.67723 -1.75829 0.63997 0.67723 -1.54622 -0.56278 1.95000
-1.54622 -0.56278 1.95000 -1.75829 0.63997 0.67723 -1.54622 0.56278 1.95000
-1.54622 -0.56278 1.95000 -1.54622 0.56278 1.95000 -1.14764 0.41771 2.98757
-1.14764 0.41771 2.98757 -1.14764 -0.41771 2.98757 -1.54622 -0.56278 1.95000
-1.54622 -0.56278 1.95000 -0.93557 -1.62045 0.67723 -1.75829 -0.63997 0.67723
-0.82272 -1.42500 1.95000 -0.93557 -1.62045 0.67723 -1.54622 -0.56278 1.95000
-0.61065 -1.05767 2.98757 -0.82272 -1.42500 1.95000 -1.54622 -0.56278 1.95000
-1.54622 -0.56278 1.95000 -1.14764 -0.41771 2.98757 -0.61065 -1.05767 2.98757
0.28573 -1.62045 1.95000 -0.93557 -1.62045 0.67723 -0.82272 -1.42500 1.95000
0.32492 -1.84271 0.67723 -0.93557 -1.62045 0.67723 0.28573 -1.62045 1.95000
-0.61065 -1.05767 2.98757 0.21208 -1.20274 2.98757 0.28573 -1.62045 1.95000
0.28573 -1.62045 1.95000 -0.82272 -1.42500 1.95000 -0.61065 -1.05767 2.98757
0.49780 -0.41771 3.66480 0.64984 -0.00000 3.66480 1.22130 -0.00000 2.98757
0.49780 -0.41771 3.66480 1.22130 -0.00000 2.98757 0.93557 -0.78503 2.98757
0.00000 -0.00000 3.90000 0.64984 -0.00000 3.66480 0.49780 -0.41771 3.66480
-0.61065 0.22226 -3.66480 -0.00000 0.00000 -3.90000 -0.32492 0.56278 -3.66480
-0.32492 0.56278 -3.66480 -0.61065 1.05767 -2.98757 -0.61065 0.22226 -3.66480
-0.61065 0.22226 -3.66480 -0.61065 1.05767 -2.98757 -1.14764 0.41771 -2.98757
-1.75829 0.63997 -0.67723 -1.75829 -0.63997 -0.67723 -1.54622 0.56278 -1.95000
-1.54622 0.56278 -1.95000 -1.75829 -0.63997 -0.67723 -1.54622 -0.56278 -1.95000
-0.93557 -1.62045 -0.67723 -1.75829 -0.63997 -0.67723 -1.75829 -0.63997 0.67723
-1.75829 -0.63997 0.67723 -0.93557 -1.62045 0.67723 -0.93557 -1.62045 -0.67723
-0.00000 -0.00000 -3.90000 -0.61065 0.22226 -3.66480 -0.61065 -0.22226 -3.66480
-1.14764 -0.41771 -2.98757 -1.54622 0.56278 -1.95000 -1.54622 -0.56278 -1.95000
-1.14764 0.41771 -2.98757 -1.54622 0.56278 -1.95000 -1.14764 -0.41771 -2.98757
-1.14764 -0.41771 -2.98757 -0.61065 0.22226 -3.66480 -1.14764 0.41771 -2.98757
-0.61065 -0.22226 -3.66480 -0.61065 0.22226 -3.66480 -1.14764 -0.41771 -2.98757
1.26049 1.05767 1.95000 0.28573 1.62045 1.95000 1.43337 1.20274 0.67723
1.43337 1.20274 0.67723 0.28573 1.62045 1.95000 0.32492 1.84271 0.67723
1.87113 0.00000 -0.67723 1.87113 0.00000 0.67723 1.43337 1.20274 0.67723
1.43337 1.20274 -0.67723 1.87113 0.00000 -0.67723 1.43337 1.20274 0.67723
1.43337 1.20274 0.67723 1.87113 0.00000 0.67723 1.64545 0.00000 1.95000
1.64545 0.00000 1.95000 1.26049 1.05767 1.95000 1.43337 1.20274 0.67723
0.32492 1.84271 -0.67723 1.26049 1.05767 -1.95000 1.43337 1.20274 -0.67723
0.28573 1.62045 -1.95000 1.26049 1.05767 -1.95000 0.32492 1.84271 -0.67723
0.32492 1.84271 -0.67723 1.43337 1.20274 0.67723 0.32492 1.84271 0.67723
1.43337 1.20274 -0.67723 1.43337 1.20274 0.67723 0.32492 1.84271 -0.67723
0.00000 0.00000 3.90000 0.49780 0.41771 3.66480 0.64984 0.00000 3.66480
0.21208 1.20274 -2.98757 -0.32492 0.56278 -3.66480 0.11284 0.63997 -3.66480
0.21208 1.20274 -2.98757 -0.61065 1.05767 -2.98757 -0.32492 0.56278 -3.66480
-0.61065 0.22226 3.66480 -0.32492 0.56278 3.66480 -0.00000 0.00000 3.90000
-0.32492 0.56278 3.66480 -0.61065 0.22226 3.66480 -0.61065 1.05767 2.98757
-0.61065 1.05767 2.98757 -0.61065 0.22226 3.66480 -1.14764 0.41771 2.98757
0.64984 -0.00000 -3.66480 0.00000 -0.00000 -3.90000 0.49780 -0.41771 -3.66480
1.64545 -0.00000 -1.95000 1.22130 -0.00000 -2.98757 0.93557 -0.78503 -2.98757
1.26049 -1.05767 -1.95000 1.64545 -0.00000 -1.95000 0.93557 -0.78503 -2.98757
1.22130 -0.00000 -2.98757 0.64984 -0.00000 -3.66480 0.93557 -0.78503 -2.98757
0.93557 -0.78503 -2.98757 0.64984 -0.00000 -3.66480 0.49780 -0.41771 -3.66480
0.32492 -1.84271 -0.67723 -0.93557 -1.62045 0.67723 0.32492 -1.84271 0.67723
0.32492 -1.84271 -0.67723 -0.93557 -1.62045 -0.67723 -0.93557 -1.62045 0.67723
0.49780 -0.41771 -3.66480 0.00000 -0.00000 -3.90000 0.11284 -0.63997 -3.66480
0.11284 -0.63997 -3.66480 0.93557 -0.78503 -2.98757 0.49780 -0.41771 -3.66480
0.21208 -1.20274 -2.98757 0.93557 -0.78503 -2.98757 0.11284 -0.63997 -3.66480
1.43337 -1.20274 -0.67723 1.87113 -0.00000 -0.67723 1.64545 -0.00000 -1.95000
1.43337 -1.20274 -0.67723 1.64545 -0.00000 -1.95000 1.26049 -1.05767 -1.95000
1.87113 -0.00000 0.67723 1.87113 -0.00000 -0.67723 1.43337 -1.20274 -0.67723
1.43337 -1.20274 -0.67723 1.43337 -1.20274 0.67723 1.87113 -0.00000 0.67723
1.43337 -1.20274 -0.67723 0.32492 -1.84271 -0.67723 0.32492 -1.84271 0.67723
0.32492 -1.84271 0.67723 1.43337 -1.20274 0.67723 1.43337 -1.20274 -0.67723
1.26049 -1.05767 1.95000 0.28573 -1.62045 1.95000 0.21208 -1.20274 2.98757
1.26049 -1.05767 1.95000 0.21208 -1.20274 2.98757 0.93557 -0.78503 2.98757
0.32492 -1.84271 0.67723 0.28573 -1.62045 1.95000 1.26049 -1.05767 1.95000
1.26049 -1.05767 1.95000 1.43337 -1.20274 0.67723 0.32492 -1.84271 0.67723
1.22130 -0.00000 2.98757 1.64545 -0.00000 1.95000 1.26049 -1.05767 1.95000
0.93557 -0.78503 2.98757 1.22130 -0.00000 2.98757 1.26049 -1.05767 1.95000
1.26049 -1.05767 1.95000 1.64545 -0.00000 1.95000 1.87113 -0.00000 0.67723
1.87113 -0.00000 0.67723 1.43337 -1.20274 0.67723 1.26049 -1.05767 1.95000
0.11284 -0.63997 3.66480 -0.32492 -0.56278 3.66480 -0.00000 -0.00000 3.90000
0.11284 -0.63997 3.66480 0.21208 -1.20274 2.98757 -0.61065 -1.05767 2.98757
-0.61065 -1.05767 2.98757 -0.32492 -0.56278 3.66480 0.11284 -0.63997 3.66480
0.00000 -0.00000 3.90000 0.49780 -0.41771 3.66480 0.11284 -0.63997 3.66480
0.11284 -0.63997 3.66480 0.49780 -0.41771 3.66480 0.93557 -0.78503 2.98757
0.93557 -0.78503 2.98757 0.21208 -1.20274 2.98757 0.11284 -0.63997 3.66480
-0.61065 -1.05767 2.98757 -1.14764 -0.41771 2.98757 -0.61065 -0.22226 3.66480
-0.61065 -0.22226 3.66480 -0.32492 -0.56278 3.66480 -0.61065 -1.05767 2.98757
-0.00000 -0.00000 3.90000 -0.32492 -0.56278 3.66480 -0.61065 -0.22226 3.66480
-0.61065 -0.22226 3.66480 -1.14764 -0.41771 2.98757 -1.14764 0.41771 2.98757
-1.14764 0.41771 2.98757 -0.61065 0.22226 3.66480 -0.61065 -0.22226 3.66480
-0.61065 -0.22226 3.66480 -0.61065 0.22226 3.66480 -0.00000 0.00000 3.90000
-0.93557 1.62045 -0.67723 0.32492 1.84271 -0.67723 0.32492 1.84271 0.67723
-0.93557 1.62045 -0.67723 0.32492 1.84271 0.67723 -0.93557 1.62045 0.67723
-0.93557 1.62045 -0.67723 -1.75829 0.63997 0.67723 -1.75829 0.63997 -0.67723
-0.93557 1.62045 0.67723 -1.75829 0.63997 0.67723 -0.93557 1.62045 -0.67723
0.11284 0.63997 -3.66480 0.49780 0.41771 -3.66480 0.93557 0.78503 -2.98757
0.93557 0.78503 -2.98757 0.21208 1.20274 -2.98757 0.11284 0.63997 -3.66480
0.93557 0.78503 -2.98757 1.26049 1.05767 -1.95000 0.28573 1.62045 -1.95000
0.28573 1.62045 -1.95000 0.21208 1.20274 -2.98757 0.93557 0.78503 -2.98757
0.49780 0.41771 -3.66480 0.64984 0.00000 -3.66480 0.93557 0.78503 -2.98757
0.93557 0.78503 -2.98757 0.64984 0.00000 -3.66480 1.22130 0.00000 -2.98757
1.22130 0.00000 -2.98757 1.64545 0.00000 -1.95000 0.93557 0.78503 -2.98757
1.64545 0.00000 -1.95000 1.26049 1.05767 -1.95000 0.93557 0.78503 -2.98757
0.32492 1.84271 0.67723 0.28573 1.62045 1.95000 -0.82272 1.42500 1.95000
-0.93557 1.62045 0.67723 0.32492 1.84271 0.67723 -0.82272 1.42500 1.95000
-1.54622 0.56278 1.95000 -1.75829 0.63997 0.67723 -0.82272 1.42500 1.95000
-0.82272 1.42500 1.95000 -1.75829 0.63997 0.67723 -0.93557 1.62045 0.67723
-1.14764 0.41771 2.98757 -1.54622 0.56278 1.95000 -0.82272 1.42500 1.95000
-0.82272 1.42500 1.95000 -0.61065 1.05767 2.98757 -1.14764 0.41771 2.98757
0.11284 0.63997 3.66480 -0.32492 0.56278 3.66480 0.21208 1.20274 2.98757
-0.32492 0.56278 3.66480 -0.61065 1.05767 2.98757 0.21208 1.20274 2.98757
0.21208 1.20274 2.98757 -0.82272 1.42500 1.95000 0.28573 1.62045 1.95000
-0.61065 1.05767 2.98757 -0.82272 1.42500 1.95000 0.21208 1.20274 2.98757
0.21208 1.20274 2.98757 0.49780 0.41771 3.66480 0.11284 0.63997 3.66480
0.21208 1.20274 2.98757 0.93557 0.78503 2.98757 0.49780 0.41771 3.66480
0.21208 1.20274 2.98757 0.28573 1.62045 1.95000 1.26049 1.05767 1.95000
1.26049 1.05767 1.95000 0.93557 0.78503 2.98757 0.21208 1.20274 2.98757
1.26049 -1.05767 -1.95000 0.93557 -0.78503 -2.98757 0.28573 -1.62045 -1.95000
0.28573 -1.62045 -1.95000 0.93557 -0.78503 -2.98757 0.21208 -1.20274 -2.98757
0.28573 -1.62045 -1.95000 1.43337 -1.20274 -0.67723 1.26049 -1.05767 -1.95000
0.32492 -1.84271 -0.67723 1.43337 -1.20274 -0.67723 0.28573 -1.62045 -1.95000
-0.32492 -0.56278 -3.66480 0.11284 -0.63997 -3.66480 0.00000 -0.00000 -3.90000
0.21208 -1.20274 -2.98757 0.11284 -0.63997 -3.66480 -0.32492 -0.56278 -3.66480
-0.32492 -0.56278 -3.66480 -0.61065 -1.05767 -2.98757 0.21208 -1.20274 -2.98757
-0.32492 -0.56278 -3.66480 -0.00000 -0.00000 -3.90000 -0.61065 -0.22226 -3.66480
-0.61065 -0.22226 -3.66480 -1.14764 -0.41771 -2.98757 -0.32492 -0.56278 -3.66480
-1.14764 -0.41771 -2.98757 -0.61065 -1.05767 -2.98757 -0.32492 -0.56278 -3.66480
1.22130 0.00000 2.98757 1.26049 1.05767 1.95000 1.64545 0.00000 1.95000
1.22130 0.00000 2.98757 0.93557 0.78503 2.98757 1.26049 1.05767 1.95000
1.22130 0.00000 2.98757 0.64984 0.00000 3.66480 0.49780 0.41771 3.66480
0.49780 0.41771 3.66480 0.93557 0.78503 2.98757 1.22130 0.00000 2.98757
-0.61065 1.05767 -2.98757 0.21208 1.20274 -2.98757 -0.82272 1.42500 -1.95000
-0.82272 1.42500 -1.95000 0.21208 1.20274 -2.98757 0.28573 1.62045 -1.95000
0.28573 1.62045 -1.95000 0.32492 1.84271 -0.67723 -0.82272 1.42500 -1.95000
0.32492 1.84271 -0.67723 -0.93557 1.62045 -0.67723 -0.82272 1.42500 -1.95000
-1.14764 0.41771 -2.98757 -0.61065 1.05767 -2.98757 -0.82272 1.42500 -1.95000
-0.82272 1.42500 -1.95000 -1.54622 0.56278 -1.95000 -1.14764 0.41771 -2.98757
-1.75829 0.63997 -0.67723 -1.54622 0.56278 -1.95000 -0.82272 1.42500 -1.95000
-0.82272 1.42500 -1.95000 -0.93557 1.62045 -0.67723 -1.75829 0.63997 -0.67723
-0.93557 -1.62045 -0.67723 0.32492 -1.84271 -0.67723 -0.82272 -1.42500 -1.95000
0.32492 -1.84271 -0.67723 0.28573 -1.62045 -1.95000 -0.82272 -1.42500 -1.95000
-0.82272 -1.42500 -1.95000 0.28573 -1.62045 -1.95000 0.21208 -1.20274 -2.98757
0.21208 -1.20274 -2.98757 -0.61065 -1.05767 -2.98757 -0.82272 -1.42500 -1.95000
-1.54622 -0.56278 -1.95000 -1.75829 -0.63997 -0.67723 -0.82272 -1.42500 -1.95000
-1.75829 -0.63997 -0.67723 -0.93557 -1.62045 -0.67723 -0.82272 -1.42500 -1.95000
-0.82272 -1.42500 -1.95000 -1.14764 -0.41771 -2.98757 -1.54622 -0.56278 -1.95000
-0.82272 -1.42500 -1.95000 -0.61065 -1.05767 -2.98757 -1.14764 -0.41771 -2.98757
