2 2
30.0 0.0 29.758644384923862 3.797773607212478
29.758644384923862 3.797773607212478 29.038461041890688 7.534439615432377
29.038461041890688 7.534439615432377 27.851037990482176 11.149873669809827
27.851037990482176 11.149873669809827 26.215481312093548 14.58590208301406
26.215481312093548 14.58590208301406 24.15810772593176 17.787237871639213
24.15810772593176 17.787237871639213 21.712021143152107 20.70237034446336
21.712021143152107 20.70237034446336 18.916580012535675 23.284393928752706
18.916580012535675 23.284393928752706 15.81676402831507 25.491762898485433
15.81676402831507 25.491762898485433 12.462450390056594 27.28895986063555
12.462450390056594 27.28895986063555 8.907611259848247 28.647067243322216
8.907611259848247 28.647067243322216 5.209445330007912 29.544232590366242
5.209445330007912 29.544232590366242 1.4274574747122655 29.96602017549024
1.4274574747122655 29.96602017549024 -2.377498705703656 29.905643278558273
-2.377498705703656 29.905643278558273 -6.144200041955722 29.364073386443362
-6.144200041955722 29.364073386443362 -9.81203889952265 28.350024561440055
-9.81203889952265 28.350024561440055 -13.321998378173223 26.879813228740076
-13.321998378173223 26.879813228740076 -16.617601915983307 24.977095639043142
-16.617601915983307 24.977095639043142 -19.64582201835855 22.67248723062775
-19.64582201835855 22.67248723062775 -22.35793349027264 20.00307001548875
-22.35793349027264 20.00307001548875 -24.71029744289498 17.011795915883127
-24.71029744289498 17.011795915883127 -26.6650634596477 13.746795651822316
-26.6650634596477 13.746795651822316 -28.19077862357725 10.260604299770065
-28.19077862357725 10.260604299770065 -29.262893606562212 6.6093159835962245
-29.262893606562212 6.6093159835962245 -29.864157677192537 2.851681299125473
-29.864157677192537 2.851681299125473 -29.984896271495554 -0.9518380049420357
-29.984896271495554 -0.9518380049420357 -29.62316666029183 -4.740041879200502
-29.62316666029183 -4.740041879200502 -28.784789208434923 -8.451976705242895
-28.784789208434923 -8.451976705242895 -27.483253722962086 -12.027916062198413
-27.483253722962086 -12.027916062198413 -25.739502397049307 -15.410321747202193
-25.739502397049307 -15.410321747202193 -23.581592842283623 -18.54476958661816
-23.581592842283623 -18.54476958661816 -21.044246631189637 -21.38082514136589
-21.044246631189637 -21.38082514136589 -18.168290614129997 -23.872855215924965
-18.168290614129997 -23.872855215924965 -14.999999999999988 -25.980762113533164
-14.999999999999988 -25.980762113533164 -11.590353770793861 -27.67062882313744
-11.590353770793861 -27.67062882313744 -7.994214410701039 -28.915264756798265
-7.994214410701039 -28.915264756798265 -4.269445148198557 -29.69464325642798
-4.269445148198557 -29.69464325642798 -0.4759789150442283 -29.996223830216252
-0.4759789150442283 -29.996223830216252 3.325145997030326 -29.815153933837625
3.325145997030326 -29.815153933837625 7.072768065282824 -29.15434704970625
7.072768065282824 -29.15434704970625 10.70658664775615 -28.024435807953203
10.70658664775615 -28.024435807953203 14.168132243180485 -26.44360090342746
14.168132243180485 -26.44360090342746 17.401707287135938 -24.437278561510077
17.401707287135938 -24.437278561510077 20.35528234671397 -22.037751259725994
20.35528234671397 -22.037751259725994 22.981333293569335 -19.283628290596187
22.981333293569335 -19.283628290596187 25.237605984935435 -16.219224523667922
25.237605984935435 -16.219224523667922 27.08779614859863 -12.893847362675158
27.08779614859863 -12.893847362675158 28.502133532228363 -9.361003370954611
28.502133532228363 -9.361003370954611 29.457860917881206 -5.677537330812292
29.457860917881206 -5.677537330812292 29.939600294156534 -1.9027175896969357
29.939600294156534 -1.9027175896969357 29.93960029415653 1.9027175896969477
29.93960029415653 1.9027175896969477 29.457860917881202 5.677537330812304
29.457860917881202 5.677537330812304 28.502133532228356 9.361003370954624
28.502133532228356 9.361003370954624 27.08779614859864 12.893847362675146
27.08779614859864 12.893847362675146 25.237605984935428 16.219224523667933
25.237605984935428 16.219224523667933 22.981333293569342 19.283628290596177
22.981333293569342 19.283628290596177 20.35528234671396 22.037751259726004
20.35528234671396 22.037751259726004 17.401707287135952 24.43727856151007
17.401707287135952 24.43727856151007 14.168132243180477 26.443600903427463
14.168132243180477 26.443600903427463 10.706586647756163 28.0244358079532
10.706586647756163 28.0244358079532 7.072768065282813 29.154347049706253
7.072768065282813 29.154347049706253 3.3251459970303405 29.815153933837625
3.3251459970303405 29.815153933837625 -0.4759789150442402 29.996223830216252
-0.4759789150442402 29.996223830216252 -4.2694451481985425 29.694643256427984
-4.2694451481985425 29.694643256427984 -7.994214410701051 28.915264756798262
-7.994214410701051 28.915264756798262 -11.590353770793847 27.67062882313745
-11.590353770793847 27.67062882313745 -15.000000000000023 25.98076211353315
-15.000000000000023 25.98076211353315 -18.168290614130008 23.872855215924957
-18.168290614130008 23.872855215924957 -21.044246631189633 21.38082514136589
-21.044246631189633 21.38082514136589 -23.581592842283616 18.54476958661817
-23.581592842283616 18.54476958661817 -25.73950239704932 15.410321747202172
-25.73950239704932 15.410321747202172 -27.48325372296209 12.027916062198404
-27.48325372296209 12.027916062198404 -28.784789208434923 8.451976705242897
-28.784789208434923 8.451976705242897 -29.623166660291826 4.740041879200517
-29.623166660291826 4.740041879200517 -29.984896271495558 0.9518380049420103
-29.984896271495558 0.9518380049420103 -29.864157677192537 -2.8516812991254845
-29.864157677192537 -2.8516812991254845 -29.262893606562216 -6.60931598359621
-29.262893606562216 -6.60931598359621 -28.19077862357726 -10.26060429977004
-28.19077862357726 -10.26060429977004 -26.665063459647698 -13.746795651822325
-26.665063459647698 -13.746795651822325 -24.71029744289498 -17.011795915883123
-24.71029744289498 -17.011795915883123 -22.35793349027265 -20.00307001548874
-22.35793349027265 -20.00307001548874 -19.645822018358533 -22.672487230627766
-19.645822018358533 -22.672487230627766 -16.617601915983297 -24.97709563904315
-16.617601915983297 -24.97709563904315 -13.321998378173225 -26.879813228740076
-13.321998378173225 -26.879813228740076 -9.812038899522664 -28.35002456144005
-9.812038899522664 -28.35002456144005 -6.144200041955697 -29.364073386443366
-6.144200041955697 -29.364073386443366 -2.3774987057036445 -29.905643278558273
-2.3774987057036445 -29.905643278558273 1.4274574747122641 -29.96602017549024
1.4274574747122641 -29.96602017549024 5.209445330007892 -29.544232590366242
5.209445330007892 -29.544232590366242 8.907611259848267 -28.64706724332221
8.907611259848267 -28.64706724332221 12.462450390056597 -27.28895986063555
12.462450390056597 -27.28895986063555 15.816764028315065 -25.491762898485433
15.816764028315065 -25.491762898485433 18.916580012535658 -23.284393928752717
18.916580012535658 -23.284393928752717 21.712021143152114 -20.702370344463347
21.712021143152114 -20.702370344463347 24.15810772593176 -17.787237871639213
24.15810772593176 -17.787237871639213 26.21548131209354 -14.58590208301407
26.21548131209354 -14.58590208301407 27.851037990482187 -11.1498736698098
27.851037990482187 -11.1498736698098 29.03846104189069 -7.534439615432364
29.03846104189069 -7.534439615432364 29.758644384923862 -3.797773607212479
29.758644384923862 -3.797773607212479 30.0 -1.469576158976824e-14
30.0 -1.469576158976824e-14 30.0 0.0
