4
0.07221 -0.41354 -13.02120 -4.69072-0.18286 1.19077 -13.11404 -4.12495-0.00000 0.00000 -15.21000 -0.00000
0.20794 1.82434 -13.25628 3.061650.00000 0.00000 -15.21000 0.000000.07221 0.41354 -13.02120 4.69072
0.00000 -0.00000 -15.21000 -0.000000.00000 -2.38153 -13.43076 -0.000000.20794 -1.82434 -13.25628 -3.06165
0.00000 -0.00000 -15.21000 -0.000000.20794 -1.82434 -13.25628 -3.061650.07221 -0.41354 -13.02120 -4.69072
1.33318 -2.45796 -2.68383 -4.124910.00000 -3.20863 -3.80250 -0.000000.00000 -1.26719 -0.45864 -0.00000
1.33318 -2.45796 -2.68383 -4.124910.00000 -1.26719 -0.45864 -0.000001.72397 -0.97072 0.98794 -1.62906
0.07221 0.41354 -13.02120 4.690720.00000 0.00000 -15.21000 0.00000-0.18286 -1.19077 -13.11404 4.12495
1.12525 -1.19077 -0.04908 -0.866811.12525 1.19077 -0.04908 0.86681-1.12525 -1.19077 -0.04908 0.86681
-1.12525 -1.19077 -0.04908 0.866811.12525 1.19077 -0.04908 0.86681-1.12525 1.19077 -0.04908 -0.86681
1.12525 -1.19077 -0.04908 -0.86681-1.12525 -1.19077 -0.04908 0.866810.87018 -3.01513 -3.48578 -2.19484
0.87018 -3.01513 -3.48578 -2.19484-1.12525 -1.19077 -0.04908 0.86681-0.87018 -3.01513 -3.48578 2.19484
0.87018 -3.01513 -3.48578 -2.19484-0.87018 -3.01513 -3.48578 2.19484-0.47938 -3.42865 -8.75109 2.49588
-0.47938 -3.42865 -8.75109 2.495880.47938 -3.42865 -8.75109 -2.495880.87018 -3.01513 -3.48578 -2.19484
0.87018 -3.01513 -3.48578 -2.194841.51604 -0.63360 2.16722 -2.194831.12525 -1.19077 -0.04908 -0.86681
1.17238 -1.60430 -1.77187 -5.557501.51604 -0.63360 2.16722 -2.194830.87018 -3.01513 -3.48578 -2.19484
0.64587 -1.82436 -7.80691 -6.319731.17238 -1.60430 -1.77187 -5.557500.87018 -3.01513 -3.48578 -2.19484
0.87018 -3.01513 -3.48578 -2.194840.47938 -3.42865 -8.75109 -2.495880.64587 -1.82436 -7.80691 -6.31973
-0.46301 0.55717 -1.17664 -6.319751.51604 -0.63360 2.16722 -2.194831.17238 -1.60430 -1.77187 -5.55750
-0.59873 0.22005 2.93694 -2.495881.51604 -0.63360 2.16722 -2.19483-0.46301 0.55717 -1.17664 -6.31975
0.64587 -1.82436 -7.80691 -6.31973-0.25508 0.63360 -7.47899 -7.18654-0.46301 0.55717 -1.17664 -6.31975
-0.46301 0.55717 -1.17664 -6.319751.17238 -1.60430 -1.77187 -5.557500.64587 -1.82436 -7.80691 -6.31973
-0.20794 1.82434 -13.25628 -3.06165-0.00000 2.38153 -13.43076 -0.00000-0.00000 3.64872 -8.92557 -0.00000
-0.20794 1.82434 -13.25628 -3.06165-0.00000 3.64872 -8.92557 -0.00000-0.73445 2.79508 -8.30930 -4.69066
-0.00000 0.00000 -15.21000 -0.00000-0.00000 2.38153 -13.43076 -0.00000-0.20794 1.82434 -13.25628 -3.06165
-0.13572 2.23791 -13.38136 -1.62908-0.00000 0.00000 -15.21000 -0.00000-0.18286 1.19077 -13.11404 -4.12495
-0.18286 1.19077 -13.11404 -4.12495-0.64587 1.82436 -7.80691 -6.31973-0.13572 2.23791 -13.38136 -1.62908
-0.13572 2.23791 -13.38136 -1.62908-0.64587 1.82436 -7.80691 -6.31973-0.47938 3.42865 -8.75109 -2.49588
-1.12525 1.19077 -0.04908 -0.866811.12525 1.19077 -0.04908 0.86681-0.87018 3.01513 -3.48578 -2.19484
-0.87018 3.01513 -3.48578 -2.194841.12525 1.19077 -0.04908 0.866810.87018 3.01513 -3.48578 2.19484
1.51604 0.63360 2.16722 2.194831.12525 1.19077 -0.04908 0.866811.12525 -1.19077 -0.04908 -0.86681
1.12525 -1.19077 -0.04908 -0.866811.51604 -0.63360 2.16722 -2.194831.51604 0.63360 2.16722 2.19483
0.00000 0.00000 -15.21000 0.00000-0.13572 2.23791 -13.38136 -1.629080.13572 2.23791 -13.38136 1.62908
0.47938 3.42865 -8.75109 2.49588-0.87018 3.01513 -3.48578 -2.194840.87018 3.01513 -3.48578 2.19484
-0.47938 3.42865 -8.75109 -2.49588-0.87018 3.01513 -3.48578 -2.194840.47938 3.42865 -8.75109 2.49588
0.47938 3.42865 -8.75109 2.49588-0.13572 2.23791 -13.38136 -1.62908-0.47938 3.42865 -8.75109 -2.49588
0.13572 2.23791 -13.38136 1.62908-0.13572 2.23791 -13.38136 -1.629080.47938 3.42865 -8.75109 2.49588
1.33318 2.45796 -2.68383 4.124910.46301 0.55717 -1.17664 6.319751.72397 0.97072 0.98794 1.62906
1.72397 0.97072 0.98794 1.629060.46301 0.55717 -1.17664 6.319750.59873 0.22005 2.93694 2.49588
0.00000 -1.26719 -0.45864 -0.000000.00000 1.26719 -0.45864 0.000001.72397 0.97072 0.98794 1.62906
1.72397 -0.97072 0.98794 -1.629060.00000 -1.26719 -0.45864 -0.000001.72397 0.97072 0.98794 1.62906
1.72397 0.97072 0.98794 1.629060.00000 1.26719 -0.45864 0.000000.00000 3.20863 -3.80250 0.00000
0.00000 3.20863 -3.80250 0.000001.33318 2.45796 -2.68383 4.124911.72397 0.97072 0.98794 1.62906
0.59873 -0.22005 2.93694 -2.495881.33318 -2.45796 -2.68383 -4.124911.72397 -0.97072 0.98794 -1.62906
0.46301 -0.55717 -1.17664 -6.319751.33318 -2.45796 -2.68383 -4.124910.59873 -0.22005 2.93694 -2.49588
0.59873 -0.22005 2.93694 -2.495881.72397 0.97072 0.98794 1.629060.59873 0.22005 2.93694 2.49588
1.72397 -0.97072 0.98794 -1.629061.72397 0.97072 0.98794 1.629060.59873 -0.22005 2.93694 -2.49588
0.00000 0.00000 -15.21000 0.000000.20794 1.82434 -13.25628 3.061650.00000 2.38153 -13.43076 0.00000
0.25508 -0.63360 -7.47899 -7.18654-0.18286 1.19077 -13.11404 -4.124950.07221 -0.41354 -13.02120 -4.69072
0.25508 -0.63360 -7.47899 -7.18654-0.64587 1.82436 -7.80691 -6.31973-0.18286 1.19077 -13.11404 -4.12495
-0.13572 -2.23791 -13.38136 1.62908-0.18286 -1.19077 -13.11404 4.12495-0.00000 -0.00000 -15.21000 0.00000
-0.18286 -1.19077 -13.11404 4.12495-0.13572 -2.23791 -13.38136 1.62908-0.64587 -1.82436 -7.80691 6.31973
-0.64587 -1.82436 -7.80691 6.31973-0.13572 -2.23791 -13.38136 1.62908-0.47938 -3.42865 -8.75109 2.49588
-0.00000 -2.38153 -13.43076 0.00000-0.00000 -0.00000 -15.21000 0.00000-0.20794 -1.82434 -13.25628 3.06165
-0.00000 -3.20863 -3.80250 0.00000-0.00000 -3.64872 -8.92557 0.00000-0.73445 -2.79508 -8.30930 4.69066
-1.33318 -2.45796 -2.68383 4.12491-0.00000 -3.20863 -3.80250 0.00000-0.73445 -2.79508 -8.30930 4.69066
-0.00000 -3.64872 -8.92557 0.00000-0.00000 -2.38153 -13.43076 0.00000-0.73445 -2.79508 -8.30930 4.69066
-0.73445 -2.79508 -8.30930 4.69066-0.00000 -2.38153 -13.43076 0.00000-0.20794 -1.82434 -13.25628 3.06165
-0.59873 -0.22005 2.93694 2.495881.51604 -0.63360 2.16722 -2.19483-0.59873 0.22005 2.93694 -2.49588
-0.59873 -0.22005 2.93694 2.495881.51604 0.63360 2.16722 2.194831.51604 -0.63360 2.16722 -2.19483
-0.20794 -1.82434 -13.25628 3.06165-0.00000 -0.00000 -15.21000 0.00000-0.07221 -0.41354 -13.02120 4.69072
-0.07221 -0.41354 -13.02120 4.69072-0.73445 -2.79508 -8.30930 4.69066-0.20794 -1.82434 -13.25628 3.06165
-0.25508 -0.63360 -7.47899 7.18654-0.73445 -2.79508 -8.30930 4.69066-0.07221 -0.41354 -13.02120 4.69072
-1.72397 -0.97072 0.98794 1.62906-0.00000 -1.26719 -0.45864 0.00000-0.00000 -3.20863 -3.80250 0.00000
-1.72397 -0.97072 0.98794 1.62906-0.00000 -3.20863 -3.80250 0.00000-1.33318 -2.45796 -2.68383 4.12491
-0.00000 1.26719 -0.45864 -0.00000-0.00000 -1.26719 -0.45864 0.00000-1.72397 -0.97072 0.98794 1.62906
-1.72397 -0.97072 0.98794 1.62906-1.72397 0.97072 0.98794 -1.62906-0.00000 1.26719 -0.45864 -0.00000
-1.72397 -0.97072 0.98794 1.62906-0.59873 -0.22005 2.93694 2.49588-0.59873 0.22005 2.93694 -2.49588
-0.59873 0.22005 2.93694 -2.49588-1.72397 0.97072 0.98794 -1.62906-1.72397 -0.97072 0.98794 1.62906
-1.33318 2.45796 -2.68383 -4.12491-0.46301 0.55717 -1.17664 -6.31975-0.25508 0.63360 -7.47899 -7.18654
-1.33318 2.45796 -2.68383 -4.12491-0.25508 0.63360 -7.47899 -7.18654-0.73445 2.79508 -8.30930 -4.69066
-0.59873 0.22005 2.93694 -2.49588-0.46301 0.55717 -1.17664 -6.31975-1.33318 2.45796 -2.68383 -4.12491
-1.33318 2.45796 -2.68383 -4.12491-1.72397 0.97072 0.98794 -1.62906-0.59873 0.22005 2.93694 -2.49588
-0.00000 3.64872 -8.92557 -0.00000-0.00000 3.20863 -3.80250 -0.00000-1.33318 2.45796 -2.68383 -4.12491
-0.73445 2.79508 -8.30930 -4.69066-0.00000 3.64872 -8.92557 -0.00000-1.33318 2.45796 -2.68383 -4.12491
-1.33318 2.45796 -2.68383 -4.12491-0.00000 3.20863 -3.80250 -0.00000-0.00000 1.26719 -0.45864 -0.00000
-0.00000 1.26719 -0.45864 -0.00000-1.72397 0.97072 0.98794 -1.62906-1.33318 2.45796 -2.68383 -4.12491
-0.07221 0.41354 -13.02120 -4.690720.18286 -1.19077 -13.11404 -4.124950.00000 -0.00000 -15.21000 -0.00000
-0.07221 0.41354 -13.02120 -4.69072-0.25508 0.63360 -7.47899 -7.186540.64587 -1.82436 -7.80691 -6.31973
0.64587 -1.82436 -7.80691 -6.319730.18286 -1.19077 -13.11404 -4.12495-0.07221 0.41354 -13.02120 -4.69072
-0.00000 0.00000 -15.21000 -0.00000-0.20794 1.82434 -13.25628 -3.06165-0.07221 0.41354 -13.02120 -4.69072
-0.07221 0.41354 -13.02120 -4.69072-0.20794 1.82434 -13.25628 -3.06165-0.73445 2.79508 -8.30930 -4.69066
-0.73445 2.79508 -8.30930 -4.69066-0.25508 0.63360 -7.47899 -7.18654-0.07221 0.41354 -13.02120 -4.69072
0.64587 -1.82436 -7.80691 -6.319730.47938 -3.42865 -8.75109 -2.495880.13572 -2.23791 -13.38136 -1.62908
0.13572 -2.23791 -13.38136 -1.629080.18286 -1.19077 -13.11404 -4.124950.64587 -1.82436 -7.80691 -6.31973
0.00000 -0.00000 -15.21000 -0.000000.18286 -1.19077 -13.11404 -4.124950.13572 -2.23791 -13.38136 -1.62908
0.13572 -2.23791 -13.38136 -1.629080.47938 -3.42865 -8.75109 -2.49588-0.47938 -3.42865 -8.75109 2.49588
-0.47938 -3.42865 -8.75109 2.49588-0.13572 -2.23791 -13.38136 1.629080.13572 -2.23791 -13.38136 -1.62908
0.13572 -2.23791 -13.38136 -1.62908-0.13572 -2.23791 -13.38136 1.62908-0.00000 -0.00000 -15.21000 0.00000
-1.51604 0.63360 2.16722 -2.194830.59873 -0.22005 2.93694 -2.495880.59873 0.22005 2.93694 2.49588
-1.51604 0.63360 2.16722 -2.194830.59873 0.22005 2.93694 2.49588-1.51604 -0.63360 2.16722 2.19483
-1.51604 0.63360 2.16722 -2.19483-1.12525 -1.19077 -0.04908 0.86681-1.12525 1.19077 -0.04908 -0.86681
-1.51604 -0.63360 2.16722 2.19483-1.12525 -1.19077 -0.04908 0.86681-1.51604 0.63360 2.16722 -2.19483
0.07221 -0.41354 -13.02120 -4.690720.20794 -1.82434 -13.25628 -3.061650.73445 -2.79508 -8.30930 -4.69066
0.73445 -2.79508 -8.30930 -4.690660.25508 -0.63360 -7.47899 -7.186540.07221 -0.41354 -13.02120 -4.69072
0.73445 -2.79508 -8.30930 -4.690661.33318 -2.45796 -2.68383 -4.124910.46301 -0.55717 -1.17664 -6.31975
0.46301 -0.55717 -1.17664 -6.319750.25508 -0.63360 -7.47899 -7.186540.73445 -2.79508 -8.30930 -4.69066
0.20794 -1.82434 -13.25628 -3.061650.00000 -2.38153 -13.43076 -0.000000.73445 -2.79508 -8.30930 -4.69066
0.73445 -2.79508 -8.30930 -4.690660.00000 -2.38153 -13.43076 -0.000000.00000 -3.64872 -8.92557 -0.00000
0.00000 -3.64872 -8.92557 -0.000000.00000 -3.20863 -3.80250 -0.000000.73445 -2.79508 -8.30930 -4.69066
0.00000 -3.20863 -3.80250 -0.000001.33318 -2.45796 -2.68383 -4.124910.73445 -2.79508 -8.30930 -4.69066
0.59873 0.22005 2.93694 2.495880.46301 0.55717 -1.17664 6.31975-1.17238 -1.60430 -1.77187 5.55750
-1.51604 -0.63360 2.16722 2.194830.59873 0.22005 2.93694 2.49588-1.17238 -1.60430 -1.77187 5.55750
-0.87018 -3.01513 -3.48578 2.19484-1.12525 -1.19077 -0.04908 0.86681-1.17238 -1.60430 -1.77187 5.55750
-1.17238 -1.60430 -1.77187 5.55750-1.12525 -1.19077 -0.04908 0.86681-1.51604 -0.63360 2.16722 2.19483
-0.47938 -3.42865 -8.75109 2.49588-0.87018 -3.01513 -3.48578 2.19484-1.17238 -1.60430 -1.77187 5.55750
-1.17238 -1.60430 -1.77187 5.55750-0.64587 -1.82436 -7.80691 6.31973-0.47938 -3.42865 -8.75109 2.49588
0.07221 0.41354 -13.02120 4.69072-0.18286 -1.19077 -13.11404 4.124950.25508 0.63360 -7.47899 7.18654
-0.18286 -1.19077 -13.11404 4.12495-0.64587 -1.82436 -7.80691 6.319730.25508 0.63360 -7.47899 7.18654
0.25508 0.63360 -7.47899 7.18654-1.17238 -1.60430 -1.77187 5.557500.46301 0.55717 -1.17664 6.31975
-0.64587 -1.82436 -7.80691 6.31973-1.17238 -1.60430 -1.77187 5.557500.25508 0.63360 -7.47899 7.18654
0.25508 0.63360 -7.47899 7.186540.20794 1.82434 -13.25628 3.061650.07221 0.41354 -13.02120 4.69072
0.25508 0.63360 -7.47899 7.186540.73445 2.79508 -8.30930 4.690660.20794 1.82434 -13.25628 3.06165
0.25508 0.63360 -7.47899 7.186540.46301 0.55717 -1.17664 6.319751.33318 2.45796 -2.68383 4.12491
1.33318 2.45796 -2.68383 4.124910.73445 2.79508 -8.30930 4.690660.25508 0.63360 -7.47899 7.18654
-1.33318 -2.45796 -2.68383 4.12491-0.73445 -2.79508 -8.30930 4.69066-0.46301 -0.55717 -1.17664 6.31975
-0.46301 -0.55717 -1.17664 6.31975-0.73445 -2.79508 -8.30930 4.69066-0.25508 -0.63360 -7.47899 7.18654
-0.46301 -0.55717 -1.17664 6.31975-1.72397 -0.97072 0.98794 1.62906-1.33318 -2.45796 -2.68383 4.12491
-0.59873 -0.22005 2.93694 2.49588-1.72397 -0.97072 0.98794 1.62906-0.46301 -0.55717 -1.17664 6.31975
0.18286 1.19077 -13.11404 4.12495-0.07221 -0.41354 -13.02120 4.69072-0.00000 -0.00000 -15.21000 0.00000
-0.25508 -0.63360 -7.47899 7.18654-0.07221 -0.41354 -13.02120 4.690720.18286 1.19077 -13.11404 4.12495
0.18286 1.19077 -13.11404 4.124950.64587 1.82436 -7.80691 6.31973-0.25508 -0.63360 -7.47899 7.18654
0.18286 1.19077 -13.11404 4.124950.00000 0.00000 -15.21000 0.000000.13572 2.23791 -13.38136 1.62908
0.13572 2.23791 -13.38136 1.629080.47938 3.42865 -8.75109 2.495880.18286 1.19077 -13.11404 4.12495
0.47938 3.42865 -8.75109 2.495880.64587 1.82436 -7.80691 6.319730.18286 1.19077 -13.11404 4.12495
0.00000 3.64872 -8.92557 0.000001.33318 2.45796 -2.68383 4.124910.00000 3.20863 -3.80250 0.00000
0.00000 3.64872 -8.92557 0.000000.73445 2.79508 -8.30930 4.690661.33318 2.45796 -2.68383 4.12491
0.00000 3.64872 -8.92557 0.000000.00000 2.38153 -13.43076 0.000000.20794 1.82434 -13.25628 3.06165
0.20794 1.82434 -13.25628 3.061650.73445 2.79508 -8.30930 4.690660.00000 3.64872 -8.92557 0.00000
-0.64587 1.82436 -7.80691 -6.319730.25508 -0.63360 -7.47899 -7.18654-1.17238 1.60430 -1.77187 -5.55750
-1.17238 1.60430 -1.77187 -5.557500.25508 -0.63360 -7.47899 -7.186540.46301 -0.55717 -1.17664 -6.31975
0.46301 -0.55717 -1.17664 -6.319750.59873 -0.22005 2.93694 -2.49588-1.17238 1.60430 -1.77187 -5.55750
0.59873 -0.22005 2.93694 -2.49588-1.51604 0.63360 2.16722 -2.19483-1.17238 1.60430 -1.77187 -5.55750
-0.47938 3.42865 -8.75109 -2.49588-0.64587 1.82436 -7.80691 -6.31973-1.17238 1.60430 -1.77187 -5.55750
-1.17238 1.60430 -1.77187 -5.55750-0.87018 3.01513 -3.48578 -2.19484-0.47938 3.42865 -8.75109 -2.49588
-1.12525 1.19077 -0.04908 -0.86681-0.87018 3.01513 -3.48578 -2.19484-1.17238 1.60430 -1.77187 -5.55750
-1.17238 1.60430 -1.77187 -5.55750-1.51604 0.63360 2.16722 -2.19483-1.12525 1.19077 -0.04908 -0.86681
1.51604 0.63360 2.16722 2.19483-0.59873 -0.22005 2.93694 2.495881.17238 1.60430 -1.77187 5.55750
-0.59873 -0.22005 2.93694 2.49588-0.46301 -0.55717 -1.17664 6.319751.17238 1.60430 -1.77187 5.55750
1.17238 1.60430 -1.77187 5.55750-0.46301 -0.55717 -1.17664 6.31975-0.25508 -0.63360 -7.47899 7.18654
-0.25508 -0.63360 -7.47899 7.186540.64587 1.82436 -7.80691 6.319731.17238 1.60430 -1.77187 5.55750
0.87018 3.01513 -3.48578 2.194841.12525 1.19077 -0.04908 0.866811.17238 1.60430 -1.77187 5.55750
1.12525 1.19077 -0.04908 0.866811.51604 0.63360 2.16722 2.194831.17238 1.60430 -1.77187 5.55750
1.17238 1.60430 -1.77187 5.557500.47938 3.42865 -8.75109 2.495880.87018 3.01513 -3.48578 2.19484
1.17238 1.60430 -1.77187 5.557500.64587 1.82436 -7.80691 6.319730.47938 3.42865 -8.75109 2.49588
